1.012772089781596468e-15
-2.959708148613100255e-16
-5.244797160415088419e-16
-5.489488518322563343e-17
-9.820122888049741582e-18
5.489488518322564452e-16
0.000000000000000000e+00
0.000000000000000000e+00
-1.880862452451532298e-15
1.479854074306547416e-16
4.453272181814568900e-16
-3.666596548967648194e-16
-2.466149330450662796e-16
-1.272754217698555609e-17
1.644099553633773636e-16
-5.237995069953774419e-17
-6.679908272721855323e-16
0.000000000000000000e+00
-8.391675456664152317e-16
1.099978964690291993e-15
-1.846463915849624806e-16
9.658639197317247400e-17
-3.721774213355604932e-17
9.658639197317235074e-17
2.215756699019547549e-16
1.047599013990756240e-16
0.000000000000000000e+00
3.842641962825790087e-16
-4.110248884084437665e-16
-7.726911357853795948e-17
1.212548689775393690e-16
5.013664999728181227e-17
-2.425097379550781956e-16
-7.726911357853791017e-17
0.000000000000000000e+00
7.136335073819327477e-16
-4.158800384446491956e-17
-4.816093826805241258e-17
-5.480037513395352892e-17
5.873373675176316332e-17
2.640690650092495324e-17
1.782874901135832485e-17
8.365195869578299472e-18
-1.175440697977552122e-18
-4.489528068850222344e-17
-1.646846555496765736e-16
1.370082961361477414e-16
9.658639197317235074e-17
1.111502965627442141e-16
1.249789362298204661e-17
1.919868758811033825e-16
-1.738555055517100390e-16
-1.918116145906069859e-16
-7.136335073819324518e-16
5.244797160415095321e-16
-5.761794576949148347e-16
1.477171132679699352e-16
1.931727839463447754e-17
4.804877053091429196e-18
9.658639197317223981e-17
-3.692927831699245299e-17
-3.142797041972269458e-16
-1.048959432083015342e-16
0.000000000000000000e+00
-4.453272181814573831e-16
-1.571398520986134976e-16
1.644099553633775115e-16
2.191952139055572665e-17
-3.014182514995252776e-16
4.190396055963020028e-16
5.937696242419435719e-16
-4.439562222919645205e-16
-5.787269084466253982e-16
1.479854074306547416e-16
8.391675456664145414e-16
1.097897703664512299e-16
3.092085732365526455e-17
-2.195795407329021393e-16
-8.391675456664143442e-16
0.000000000000000000e+00
1.012772089781592721e-15
