-4.516304474455596463e+00
-3.156579143110545882e+00
-2.580831530199107604e+00
-2.172957576843741467e+00
-1.777600168989747598e+00
-1.382575231636133717e+00
-4.516304474455596463e+00
-3.156579143110545882e+00
-2.580831530199107604e+00
-2.172957576843741467e+00
-1.777600168989747598e+00
-1.382575231636133717e+00
-4.516304474455596463e+00
-3.156579143110545882e+00
-2.580831530199107604e+00
-2.172957576843741467e+00
-1.777600168989747598e+00
-1.382575231636133717e+00
-4.516304474455600904e+00
-3.156579143110546770e+00
-2.580831530199107604e+00
-2.172957576843743244e+00
-1.777600168989748930e+00
-1.382575231636133051e+00
-4.516304474455600904e+00
-3.156579143110546770e+00
-2.580831530199107604e+00
-2.172957576843743244e+00
-1.777600168989748930e+00
-1.382575231636133051e+00
-4.516304474455600904e+00
-3.156579143110546770e+00
-2.580831530199107604e+00
-2.172957576843743244e+00
-1.777600168989748930e+00
-1.382575231636133051e+00
-4.516304474455600904e+00
-3.156579143110548547e+00
-2.580831530199107604e+00
-2.172957576843741023e+00
-1.777600168989748042e+00
-1.382575231636131496e+00
-4.516304474455600904e+00
-3.156579143110548547e+00
-2.580831530199107604e+00
-2.172957576843741023e+00
-1.777600168989748042e+00
-1.382575231636131496e+00
-4.516304474455600904e+00
-3.156579143110548547e+00
-2.580831530199107604e+00
-2.172957576843741023e+00
-1.777600168989748042e+00
-1.382575231636131496e+00
-4.516304474455601792e+00
-3.156579143110547214e+00
-2.580831530199111157e+00
-2.172957576843743688e+00
-1.777600168989748042e+00
-1.382575231636133273e+00
-4.516304474455601792e+00
-3.156579143110547214e+00
-2.580831530199111157e+00
-2.172957576843743688e+00
-1.777600168989748042e+00
-1.382575231636133273e+00
-4.516304474455601792e+00
-3.156579143110547214e+00
-2.580831530199111157e+00
-2.172957576843743688e+00
-1.777600168989748042e+00
-1.382575231636133273e+00
-4.516304474455597351e+00
-3.156579143110547658e+00
-2.580831530199108492e+00
-2.172957576843742356e+00
-1.777600168989746710e+00
-1.382575231636133051e+00
-4.516304474455597351e+00
-3.156579143110547658e+00
-2.580831530199108492e+00
-2.172957576843742356e+00
-1.777600168989746710e+00
-1.382575231636133051e+00
-4.516304474455597351e+00
-3.156579143110547658e+00
-2.580831530199108492e+00
-2.172957576843742356e+00
-1.777600168989746710e+00
-1.382575231636133051e+00
-4.516304474455599127e+00
-3.156579143110546770e+00
-2.580831530199109380e+00
-2.172957576843741467e+00
-1.777600168989748042e+00
-1.382575231636133717e+00
-4.516304474455599127e+00
-3.156579143110546770e+00
-2.580831530199109380e+00
-2.172957576843741467e+00
-1.777600168989748042e+00
-1.382575231636133717e+00
-4.516304474455599127e+00
-3.156579143110546770e+00
-2.580831530199109380e+00
-2.172957576843741467e+00
-1.777600168989748042e+00
-1.382575231636133717e+00
-4.516304474455596463e+00
-3.156579143110545882e+00
-2.580831530199107604e+00
-2.172957576843741467e+00
-1.777600168989747598e+00
-1.382575231636133717e+00
-4.516304474455596463e+00
-3.156579143110545882e+00
-2.580831530199107604e+00
-2.172957576843741467e+00
-1.777600168989747598e+00
-1.382575231636133717e+00
-4.516304474455596463e+00
-3.156579143110545882e+00
-2.580831530199107604e+00
-2.172957576843741467e+00
-1.777600168989747598e+00
-1.382575231636133717e+00
-4.516304474455600904e+00
-3.156579143110546770e+00
-2.580831530199107604e+00
-2.172957576843743244e+00
-1.777600168989748930e+00
-1.382575231636133051e+00
-4.516304474455600904e+00
-3.156579143110546770e+00
-2.580831530199107604e+00
-2.172957576843743244e+00
-1.777600168989748930e+00
-1.382575231636133051e+00
-4.516304474455600904e+00
-3.156579143110546770e+00
-2.580831530199107604e+00
-2.172957576843743244e+00
-1.777600168989748930e+00
-1.382575231636133051e+00
-4.516304474455600904e+00
-3.156579143110548547e+00
-2.580831530199107604e+00
-2.172957576843741023e+00
-1.777600168989748042e+00
-1.382575231636131496e+00
-4.516304474455600904e+00
-3.156579143110548547e+00
-2.580831530199107604e+00
-2.172957576843741023e+00
-1.777600168989748042e+00
-1.382575231636131496e+00
-4.516304474455600904e+00
-3.156579143110548547e+00
-2.580831530199107604e+00
-2.172957576843741023e+00
-1.777600168989748042e+00
-1.382575231636131496e+00
-4.516304474455601792e+00
-3.156579143110547214e+00
-2.580831530199111157e+00
-2.172957576843743688e+00
-1.777600168989748042e+00
-1.382575231636133273e+00
-4.516304474455601792e+00
-3.156579143110547214e+00
-2.580831530199111157e+00
-2.172957576843743688e+00
-1.777600168989748042e+00
-1.382575231636133273e+00
-4.516304474455601792e+00
-3.156579143110547214e+00
-2.580831530199111157e+00
-2.172957576843743688e+00
-1.777600168989748042e+00
-1.382575231636133273e+00
-4.516304474455597351e+00
-3.156579143110547658e+00
-2.580831530199108492e+00
-2.172957576843742356e+00
-1.777600168989746710e+00
-1.382575231636133051e+00
-4.516304474455597351e+00
-3.156579143110547658e+00
-2.580831530199108492e+00
-2.172957576843742356e+00
-1.777600168989746710e+00
-1.382575231636133051e+00
-4.516304474455597351e+00
-3.156579143110547658e+00
-2.580831530199108492e+00
-2.172957576843742356e+00
-1.777600168989746710e+00
-1.382575231636133051e+00
-4.516304474455599127e+00
-3.156579143110546770e+00
-2.580831530199109380e+00
-2.172957576843741467e+00
-1.777600168989748042e+00
-1.382575231636133717e+00
-4.516304474455599127e+00
-3.156579143110546770e+00
-2.580831530199109380e+00
-2.172957576843741467e+00
-1.777600168989748042e+00
-1.382575231636133717e+00
-4.516304474455599127e+00
-3.156579143110546770e+00
-2.580831530199109380e+00
-2.172957576843741467e+00
-1.777600168989748042e+00
-1.382575231636133717e+00
-4.516304474455596463e+00
-3.156579143110545882e+00
-2.580831530199107604e+00
-2.172957576843741467e+00
-1.777600168989747598e+00
-1.382575231636133717e+00
-4.516304474455596463e+00
-3.156579143110545882e+00
-2.580831530199107604e+00
-2.172957576843741467e+00
-1.777600168989747598e+00
-1.382575231636133717e+00
-4.516304474455596463e+00
-3.156579143110545882e+00
-2.580831530199107604e+00
-2.172957576843741467e+00
-1.777600168989747598e+00
-1.382575231636133717e+00
-4.516304474455600904e+00
-3.156579143110546770e+00
-2.580831530199107604e+00
-2.172957576843743244e+00
-1.777600168989748930e+00
-1.382575231636133051e+00
-4.516304474455600904e+00
-3.156579143110546770e+00
-2.580831530199107604e+00
-2.172957576843743244e+00
-1.777600168989748930e+00
-1.382575231636133051e+00
-4.516304474455600904e+00
-3.156579143110546770e+00
-2.580831530199107604e+00
-2.172957576843743244e+00
-1.777600168989748930e+00
-1.382575231636133051e+00
-4.516304474455600904e+00
-3.156579143110548547e+00
-2.580831530199107604e+00
-2.172957576843741023e+00
-1.777600168989748042e+00
-1.382575231636131496e+00
-4.516304474455600904e+00
-3.156579143110548547e+00
-2.580831530199107604e+00
-2.172957576843741023e+00
-1.777600168989748042e+00
-1.382575231636131496e+00
-4.516304474455600904e+00
-3.156579143110548547e+00
-2.580831530199107604e+00
-2.172957576843741023e+00
-1.777600168989748042e+00
-1.382575231636131496e+00
-4.516304474455601792e+00
-3.156579143110547214e+00
-2.580831530199111157e+00
-2.172957576843743688e+00
-1.777600168989748042e+00
-1.382575231636133273e+00
-4.516304474455601792e+00
-3.156579143110547214e+00
-2.580831530199111157e+00
-2.172957576843743688e+00
-1.777600168989748042e+00
-1.382575231636133273e+00
-4.516304474455601792e+00
-3.156579143110547214e+00
-2.580831530199111157e+00
-2.172957576843743688e+00
-1.777600168989748042e+00
-1.382575231636133273e+00
-4.516304474455597351e+00
-3.156579143110547658e+00
-2.580831530199108492e+00
-2.172957576843742356e+00
-1.777600168989746710e+00
-1.382575231636133051e+00
-4.516304474455597351e+00
-3.156579143110547658e+00
-2.580831530199108492e+00
-2.172957576843742356e+00
-1.777600168989746710e+00
-1.382575231636133051e+00
-4.516304474455597351e+00
-3.156579143110547658e+00
-2.580831530199108492e+00
-2.172957576843742356e+00
-1.777600168989746710e+00
-1.382575231636133051e+00
-4.516304474455599127e+00
-3.156579143110546770e+00
-2.580831530199109380e+00
-2.172957576843741467e+00
-1.777600168989748042e+00
-1.382575231636133717e+00
-4.516304474455599127e+00
-3.156579143110546770e+00
-2.580831530199109380e+00
-2.172957576843741467e+00
-1.777600168989748042e+00
-1.382575231636133717e+00
-4.516304474455599127e+00
-3.156579143110546770e+00
-2.580831530199109380e+00
-2.172957576843741467e+00
-1.777600168989748042e+00
-1.382575231636133717e+00
