3.330262448249987184e+00
3.330262448249987628e+00
3.330262448249987184e+00
3.330262448249987184e+00
3.330262448249988072e+00
3.330262448249987184e+00
1.972941761212079648e+00
1.972941761212079648e+00
1.972941761212079648e+00
1.972941761212079648e+00
1.972941761212079426e+00
1.972941761212079426e+00
6.510093051229165484e-01
6.510093051229164374e-01
6.510093051229164374e-01
6.510093051229164374e-01
6.510093051229164374e-01
6.510093051229164374e-01
-6.510093051229164374e-01
-6.510093051229164374e-01
-6.510093051229164374e-01
-6.510093051229164374e-01
-6.510093051229164374e-01
-6.510093051229165484e-01
-1.972941761212079648e+00
-1.972941761212079426e+00
-1.972941761212079426e+00
-1.972941761212079426e+00
-1.972941761212079426e+00
-1.972941761212079648e+00
-3.330262448249987184e+00
-3.330262448249987184e+00
-3.330262448249987628e+00
-3.330262448249987184e+00
-3.330262448249987184e+00
-3.330262448249987184e+00
