-1.249853170580480732e+00
-8.995659221333693889e-01
-5.947018894484051854e-01
-2.971136090208916780e-01
-9.610398169781365289e-17
2.971136090208914560e-01
5.947018894484050744e-01
8.995659221333696109e-01
1.249853170580480510e+00
-1.249853170580480288e+00
-8.995659221333690558e-01
-5.947018894484052964e-01
-2.971136090208917890e-01
-8.167213269028080808e-17
2.971136090208915115e-01
5.947018894484052964e-01
8.995659221333691669e-01
1.249853170580479844e+00
-1.249853170580480066e+00
-8.995659221333696109e-01
-5.947018894484051854e-01
-2.971136090208917890e-01
-1.009637031924624765e-16
2.971136090208916225e-01
5.947018894484051854e-01
8.995659221333693889e-01
1.249853170580479844e+00
-1.249853170580479844e+00
-8.995659221333692779e-01
-5.947018894484052964e-01
-2.971136090208917890e-01
-9.803990313637939672e-17
2.971136090208915670e-01
5.947018894484050744e-01
8.995659221333691669e-01
1.249853170580479622e+00
-1.249853170580479844e+00
-8.995659221333694999e-01
-5.947018894484051854e-01
-2.971136090208917890e-01
-7.470704001636973950e-17
2.971136090208915670e-01
5.947018894484050744e-01
8.995659221333696109e-01
1.249853170580479844e+00
-1.249853170580480288e+00
-8.995659221333693889e-01
-5.947018894484052964e-01
-2.971136090208917890e-01
-7.365658227624253466e-17
2.971136090208915670e-01
5.947018894484052964e-01
8.995659221333693889e-01
1.249853170580480288e+00
-1.249853170580480288e+00
-8.995659221333698330e-01
-5.947018894484051854e-01
-2.971136090208916780e-01
-6.924891103699344479e-17
2.971136090208915670e-01
5.947018894484052964e-01
8.995659221333698330e-01
1.249853170580480288e+00
-1.249853170580480732e+00
-8.995659221333696109e-01
-5.947018894484052964e-01
-2.971136090208916780e-01
-6.939473625572233755e-17
2.971136090208914560e-01
5.947018894484052964e-01
8.995659221333693889e-01
1.249853170580480066e+00
-1.249853170580480288e+00
-8.995659221333693889e-01
-5.947018894484052964e-01
-2.971136090208917890e-01
-5.705259694288505391e-17
2.971136090208915670e-01
5.947018894484052964e-01
8.995659221333693889e-01
1.249853170580479844e+00
