2.501851170417991321e-01
2.501851170418011860e-01
2.501851170418011860e-01
2.501851170418002979e-01
2.501851170418022963e-01
2.501851170418009085e-01
2.501851170418000203e-01
2.501851170418011860e-01
2.501851170417988546e-01
4.060023748427030732e-01
4.060023748427027401e-01
4.060023748427038504e-01
4.060023748427039059e-01
4.060023748427031842e-01
4.060023748427043500e-01
4.060023748427034063e-01
4.060023748427018520e-01
4.060023748427034063e-01
4.528398454823465702e-01
4.528398454823445718e-01
4.528398454823461816e-01
4.528398454823456265e-01
4.528398454823452934e-01
4.528398454823461816e-01
4.528398454823456265e-01
4.528398454823452379e-01
4.528398454823459041e-01
4.570614714201209905e-01
4.570614714201211015e-01
4.570614714201206574e-01
4.570614714201204354e-01
4.570614714201205464e-01
4.570614714201205464e-01
4.570614714201204909e-01
4.570614714201208795e-01
4.570614714201213236e-01
4.571920056305435187e-01
4.571920056305430746e-01
4.571920056305434077e-01
4.571920056305434077e-01
4.571920056305444069e-01
4.571920056305434632e-01
4.571920056305434077e-01
4.571920056305430746e-01
4.571920056305435187e-01
4.570614714201204354e-01
4.570614714201200468e-01
4.570614714201198248e-01
4.570614714201198803e-01
4.570614714201203244e-01
4.570614714201199913e-01
4.570614714201199913e-01
4.570614714201203244e-01
4.570614714201206019e-01
4.528398454823465702e-01
4.528398454823450714e-01
4.528398454823460706e-01
4.528398454823456265e-01
4.528398454823456265e-01
4.528398454823461816e-01
4.528398454823459041e-01
4.528398454823460706e-01
4.528398454823461816e-01
4.060023748427038504e-01
4.060023748427030732e-01
4.060023748427034063e-01
4.060023748427038504e-01
4.060023748427031842e-01
4.060023748427040169e-01
4.060023748427029067e-01
4.060023748427029067e-01
4.060023748427041834e-01
2.501851170417988546e-01
2.501851170418011860e-01
2.501851170418026848e-01
2.501851170418007975e-01
2.501851170418024073e-01
2.501851170418004644e-01
2.501851170418017412e-01
2.501851170418012416e-01
2.501851170417985770e-01
