7.318892954909238019e-05
1.275616439114633956e-04
2.074127647704434782e-04
3.146237584103080110e-04
4.452338854686311003e-04
5.877945647621901290e-04
7.239416828042072446e-04
8.318064066386111682e-04
8.916236922221696922e-04
8.916236922221696922e-04
8.318064066386111682e-04
7.239416828042072446e-04
5.877945647621901290e-04
4.452338854686311003e-04
3.146237584103080110e-04
2.074127647704436680e-04
1.275616439114633956e-04
7.318892954909238019e-05
1.275616439114633956e-04
2.223283370537662887e-04
3.615015741498506761e-04
5.483605797172050279e-04
7.760021454798157227e-04
1.024472436271857845e-03
1.261764473445301264e-03
1.449762871251397255e-03
1.554018956568809298e-03
1.554018956568809298e-03
1.449762871251397255e-03
1.261764473445301914e-03
1.024472436271858062e-03
7.760021454798157227e-04
5.483605797172050279e-04
3.615015741498509472e-04
2.223283370537662887e-04
1.275616439114633956e-04
2.074127647704434782e-04
3.615015741498506761e-04
5.877945647621898037e-04
8.916236922221696922e-04
1.261764473445300830e-03
1.665772358544860944e-03
2.051604619552057935e-03
2.357286376745780510e-03
2.526804754188738920e-03
2.526804754188738920e-03
2.357286376745780510e-03
2.051604619552057935e-03
1.665772358544862029e-03
1.261764473445300830e-03
8.916236922221706680e-04
5.877945647621903458e-04
3.615015741498506761e-04
2.074127647704436680e-04
3.146237584103080110e-04
5.483605797172050279e-04
8.916236922221696922e-04
1.352501122315640349e-03
1.913966487565638272e-03
2.526804754188738920e-03
3.112072474853776107e-03
3.575760153055253677e-03
3.832902036727404982e-03
3.832902036727404982e-03
3.575760153055253677e-03
3.112072474853776975e-03
2.526804754188739788e-03
1.913966487565638272e-03
1.352501122315641000e-03
8.916236922221711016e-04
5.483605797172050279e-04
3.146237584103080110e-04
4.452338854686311003e-04
7.760021454798157227e-04
1.261764473445300830e-03
1.913966487565638272e-03
2.708513623450754196e-03
3.575760153055253677e-03
4.403990743865355585e-03
5.060169627661972522e-03
5.424059120822143261e-03
5.424059120822143261e-03
5.060169627661972522e-03
4.403990743865356453e-03
3.575760153055256279e-03
2.708513623450754196e-03
1.913966487565639356e-03
1.261764473445302565e-03
7.760021454798157227e-04
4.452338854686314798e-04
5.877945647621901290e-04
1.024472436271857845e-03
1.665772358544860944e-03
2.526804754188738920e-03
3.575760153055253677e-03
4.720692767233631952e-03
5.814116820381658689e-03
6.680399450692702835e-03
7.160803735349705913e-03
7.160803735349707648e-03
6.680399450692702835e-03
5.814116820381659556e-03
4.720692767233633687e-03
3.575760153055253677e-03
2.526804754188739788e-03
1.665772358544862679e-03
1.024472436271857845e-03
5.877945647621903458e-04
7.239416828042072446e-04
1.261764473445301264e-03
2.051604619552057935e-03
3.112072474853776107e-03
4.403990743865355585e-03
5.814116820381658689e-03
7.160803735349705913e-03
8.227737903795375937e-03
8.819415178663763191e-03
8.819415178663763191e-03
8.227737903795375937e-03
7.160803735349707648e-03
5.814116820381661291e-03
4.403990743865355585e-03
3.112072474853777842e-03
2.051604619552059670e-03
1.261764473445301264e-03
7.239416828042075699e-04
8.318064066386111682e-04
1.449762871251397255e-03
2.357286376745780510e-03
3.575760153055253677e-03
5.060169627661972522e-03
6.680399450692702835e-03
8.227737903795375937e-03
9.453641450800793003e-03
1.013347652534934105e-02
1.013347652534934105e-02
9.453641450800793003e-03
8.227737903795379407e-03
6.680399450692707172e-03
5.060169627661972522e-03
3.575760153055256279e-03
2.357286376745783112e-03
1.449762871251397255e-03
8.318064066386119271e-04
8.916236922221696922e-04
1.554018956568809298e-03
2.526804754188738920e-03
3.832902036727404982e-03
5.424059120822143261e-03
7.160803735349705913e-03
8.819415178663763191e-03
1.013347652534934105e-02
1.086220024571672195e-02
1.086220024571672195e-02
1.013347652534934105e-02
8.819415178663764926e-03
7.160803735349709383e-03
5.424059120822143261e-03
3.832902036727407150e-03
2.526804754188741522e-03
1.554018956568809298e-03
8.916236922221706680e-04
8.916236922221696922e-04
1.554018956568809298e-03
2.526804754188738920e-03
3.832902036727404982e-03
5.424059120822143261e-03
7.160803735349707648e-03
8.819415178663763191e-03
1.013347652534934105e-02
1.086220024571672195e-02
1.086220024571672368e-02
1.013347652534934105e-02
8.819415178663766661e-03
7.160803735349709383e-03
5.424059120822143261e-03
3.832902036727407150e-03
2.526804754188741522e-03
1.554018956568809298e-03
8.916236922221706680e-04
8.318064066386111682e-04
1.449762871251397255e-03
2.357286376745780510e-03
3.575760153055253677e-03
5.060169627661972522e-03
6.680399450692702835e-03
8.227737903795375937e-03
9.453641450800793003e-03
1.013347652534934105e-02
1.013347652534934105e-02
9.453641450800793003e-03
8.227737903795379407e-03
6.680399450692707172e-03
5.060169627661972522e-03
3.575760153055256279e-03
2.357286376745783112e-03
1.449762871251397255e-03
8.318064066386119271e-04
7.239416828042072446e-04
1.261764473445301914e-03
2.051604619552057935e-03
3.112072474853776975e-03
4.403990743865356453e-03
5.814116820381659556e-03
7.160803735349707648e-03
8.227737903795379407e-03
8.819415178663764926e-03
8.819415178663766661e-03
8.227737903795379407e-03
7.160803735349709383e-03
5.814116820381663026e-03
4.403990743865356453e-03
3.112072474853778276e-03
2.051604619552060537e-03
1.261764473445301914e-03
7.239416828042075699e-04
5.877945647621901290e-04
1.024472436271858062e-03
1.665772358544862029e-03
2.526804754188739788e-03
3.575760153055256279e-03
4.720692767233633687e-03
5.814116820381661291e-03
6.680399450692707172e-03
7.160803735349709383e-03
7.160803735349709383e-03
6.680399450692707172e-03
5.814116820381663026e-03
4.720692767233636289e-03
3.575760153055256279e-03
2.526804754188741522e-03
1.665772358544863980e-03
1.024472436271858062e-03
5.877945647621905627e-04
4.452338854686311003e-04
7.760021454798157227e-04
1.261764473445300830e-03
1.913966487565638272e-03
2.708513623450754196e-03
3.575760153055253677e-03
4.403990743865355585e-03
5.060169627661972522e-03
5.424059120822143261e-03
5.424059120822143261e-03
5.060169627661972522e-03
4.403990743865356453e-03
3.575760153055256279e-03
2.708513623450754196e-03
1.913966487565639356e-03
1.261764473445302565e-03
7.760021454798157227e-04
4.452338854686314798e-04
3.146237584103080110e-04
5.483605797172050279e-04
8.916236922221706680e-04
1.352501122315641000e-03
1.913966487565639356e-03
2.526804754188739788e-03
3.112072474853777842e-03
3.575760153055256279e-03
3.832902036727407150e-03
3.832902036727407150e-03
3.575760153055256279e-03
3.112072474853778276e-03
2.526804754188741522e-03
1.913966487565639356e-03
1.352501122315642084e-03
8.916236922221714269e-04
5.483605797172050279e-04
3.146237584103082820e-04
2.074127647704436680e-04
3.615015741498509472e-04
5.877945647621903458e-04
8.916236922221711016e-04
1.261764473445302565e-03
1.665772358544862679e-03
2.051604619552059670e-03
2.357286376745783112e-03
2.526804754188741522e-03
2.526804754188741522e-03
2.357286376745783112e-03
2.051604619552060537e-03
1.665772358544863980e-03
1.261764473445302565e-03
8.916236922221714269e-04
5.877945647621911048e-04
3.615015741498509472e-04
2.074127647704439390e-04
1.275616439114633956e-04
2.223283370537662887e-04
3.615015741498506761e-04
5.483605797172050279e-04
7.760021454798157227e-04
1.024472436271857845e-03
1.261764473445301264e-03
1.449762871251397255e-03
1.554018956568809298e-03
1.554018956568809298e-03
1.449762871251397255e-03
1.261764473445301914e-03
1.024472436271858062e-03
7.760021454798157227e-04
5.483605797172050279e-04
3.615015741498509472e-04
2.223283370537662887e-04
1.275616439114633956e-04
7.318892954909238019e-05
1.275616439114633956e-04
2.074127647704436680e-04
3.146237584103080110e-04
4.452338854686314798e-04
5.877945647621903458e-04
7.239416828042075699e-04
8.318064066386119271e-04
8.916236922221706680e-04
8.916236922221706680e-04
8.318064066386119271e-04
7.239416828042075699e-04
5.877945647621905627e-04
4.452338854686314798e-04
3.146237584103082820e-04
2.074127647704439390e-04
1.275616439114633956e-04
7.318892954909251571e-05
