-4.200000000000000178e+00
-4.028571428571428470e+00
-3.857142857142857206e+00
-3.685714285714285943e+00
-3.514285714285714235e+00
-3.342857142857142971e+00
-3.171428571428571708e+00
-3.000000000000000000e+00
-2.828571428571428736e+00
-2.657142857142857473e+00
-2.485714285714285765e+00
-2.314285714285714501e+00
-2.142857142857143238e+00
-1.971428571428571530e+00
-1.800000000000000266e+00
-1.628571428571428559e+00
-1.457142857142857295e+00
-1.285714285714286031e+00
-1.114285714285714324e+00
-9.428571428571430602e-01
-7.714285714285713524e-01
-6.000000000000000888e-01
-4.285714285714288252e-01
-2.571428571428571175e-01
-8.571428571428629795e-02
8.571428571428540977e-02
2.571428571428571175e-01
4.285714285714288252e-01
5.999999999999996447e-01
7.714285714285713524e-01
9.428571428571430602e-01
1.114285714285713880e+00
1.285714285714285587e+00
1.457142857142857295e+00
1.628571428571428115e+00
1.799999999999999822e+00
1.971428571428571530e+00
2.142857142857142350e+00
2.314285714285714057e+00
2.485714285714285765e+00
2.657142857142857473e+00
2.828571428571428292e+00
3.000000000000000000e+00
3.171428571428571708e+00
3.342857142857142527e+00
3.514285714285714235e+00
3.685714285714285943e+00
3.857142857142856762e+00
4.028571428571427582e+00
4.200000000000000178e+00
