6.894393073758509072e-01
6.894393073758501300e-01
6.894393073758510182e-01
6.894393073758510182e-01
6.894393073758496859e-01
6.894393073758507962e-01
7.115497138513013908e-01
7.115497138513017239e-01
7.115497138513015019e-01
7.115497138513017239e-01
7.115497138513016129e-01
7.115497138513018349e-01
7.363988074041121212e-01
7.363988074041121212e-01
7.363988074041121212e-01
7.363988074041121212e-01
7.363988074041121212e-01
7.363988074041121212e-01
7.363988074041121212e-01
7.363988074041121212e-01
7.363988074041121212e-01
7.363988074041122323e-01
7.363988074041121212e-01
7.363988074041121212e-01
7.115497138513013908e-01
7.115497138513019459e-01
7.115497138513017239e-01
7.115497138513017239e-01
7.115497138513018349e-01
7.115497138513013908e-01
6.894393073758513513e-01
6.894393073758514623e-01
6.894393073758510182e-01
6.894393073758509072e-01
6.894393073758510182e-01
6.894393073758510182e-01
