-1.770816702626995742e+07
-3.022626387844055671e+02
-1.103300083908256290e-01
-4.274163817238725471e+01
-3.865706167422649451e+06
-3.872238733649660110e+09
-4.039149283866953850e+08
-4.520499653321423102e+04
-7.642348693606826338e-01
-7.642348693606080268e-01
-4.520499653321423102e+04
-4.039149283866969347e+08
-3.872238733649618149e+09
-3.865706167422510218e+06
-4.274163817239175955e+01
-1.103300083908360096e-01
-3.022626387843776001e+02
-1.770816702627014369e+07
-1.770816702626989782e+07
-3.022626387843997691e+02
-1.103300083908290152e-01
-4.274163817238786578e+01
-3.865706167422656901e+06
-3.872238733649660110e+09
-4.039149283866936564e+08
-4.520499653321442020e+04
-7.642348693606915155e-01
-7.642348693606226817e-01
-4.520499653321410005e+04
-4.039149283867010474e+08
-3.872238733649618149e+09
-3.865706167422519531e+06
-4.274163817239259799e+01
-1.103300083908351770e-01
-3.022626387843789644e+02
-1.770816702626992762e+07
-1.770816702626989782e+07
-3.022626387843997691e+02
-1.103300083908259621e-01
-4.274163817238763841e+01
-3.865706167422664352e+06
-3.872238733649651527e+09
-4.039149283866953850e+08
-4.520499653321396181e+04
-7.642348693606910714e-01
-7.642348693606115795e-01
-4.520499653321442020e+04
-4.039149283867020607e+08
-3.872238733649600983e+09
-3.865706167422510218e+06
-4.274163817239198693e+01
-1.103300083908392293e-01
-3.022626387843712337e+02
-1.770816702626995742e+07
-1.770816702626983449e+07
-3.022626387844055671e+02
-1.103300083908290152e-01
-4.274163817238733998e+01
-3.865706167422664352e+06
-3.872238733649668694e+09
-4.039149283866969347e+08
-4.520499653321423102e+04
-7.642348693606919596e-01
-7.642348693606191290e-01
-4.520499653321428923e+04
-4.039149283867027164e+08
-3.872238733649600983e+09
-3.865706167422519531e+06
-4.274163817239153218e+01
-1.103300083908392293e-01
-3.022626387843789644e+02
-1.770816702626992762e+07
-1.770816702626992762e+07
-3.022626387844035207e+02
-1.103300083908259621e-01
-4.274163817238763841e+01
-3.865706167422656901e+06
-3.872238733649642944e+09
-4.039149283866942525e+08
-4.520499653321428923e+04
-7.642348693606861865e-01
-7.642348693606302312e-01
-4.520499653321410005e+04
-4.039149283866986036e+08
-3.872238733649585724e+09
-3.865706167422526982e+06
-4.274163817239198693e+01
-1.103300083908386187e-01
-3.022626387843770885e+02
-1.770816702626992762e+07
-1.770816702626989782e+07
-3.022626387844012470e+02
-1.103300083908290152e-01
-4.274163817238763841e+01
-3.865706167422672268e+06
-3.872238733649642944e+09
-4.039149283866936564e+08
-4.520499653321410005e+04
-7.642348693606959564e-01
-7.642348693606302312e-01
-4.520499653321423102e+04
-4.039149283866994381e+08
-3.872238733649600983e+09
-3.865706167422519531e+06
-4.274163817239163166e+01
-1.103300083908348994e-01
-3.022626387843761790e+02
-1.770816702626987174e+07
-1.770816702626974508e+07
-3.022626387843990869e+02
-1.103300083908244078e-01
-4.274163817238807894e+01
-3.865706167422664352e+06
-3.872238733649634361e+09
-4.039149283866969347e+08
-4.520499653321396181e+04
-7.642348693606955123e-01
-7.642348693606084709e-01
-4.520499653321410005e+04
-4.039149283867000341e+08
-3.872238733649593353e+09
-3.865706167422519531e+06
-4.274163817239274010e+01
-1.103300083908334006e-01
-3.022626387843708358e+02
-1.770816702627001703e+07
-1.770816702626977116e+07
-3.022626387844049987e+02
-1.103300083908290152e-01
-4.274163817238756735e+01
-3.865706167422664352e+06
-3.872238733649634361e+09
-4.039149283866926432e+08
-4.520499653321476944e+04
-7.642348693606861865e-01
-7.642348693606137999e-01
-4.520499653321428923e+04
-4.039149283866986036e+08
-3.872238733649600983e+09
-3.865706167422541883e+06
-4.274163817239198693e+01
-1.103300083908362317e-01
-3.022626387843776001e+02
-1.770816702627001703e+07
-1.770816702626955509e+07
-3.022626387844055671e+02
-1.103300083908277385e-01
-4.274163817238756735e+01
-3.865706167422664352e+06
-3.872238733649626732e+09
-4.039149283866980076e+08
-4.520499653321442020e+04
-7.642348693606861865e-01
-7.642348693606137999e-01
-4.520499653321423102e+04
-4.039149283867010474e+08
-3.872238733649578094e+09
-3.865706167422526982e+06
-4.274163817239198693e+01
-1.103300083908383966e-01
-3.022626387843748716e+02
-1.770816702626958489e+07
-1.770816702626955509e+07
-3.022626387844076135e+02
-1.103300083908230755e-01
-4.274163817238733998e+01
-3.865706167422672268e+06
-3.872238733649660110e+09
-4.039149283866942525e+08
-4.520499653321423102e+04
-7.642348693606955123e-01
-7.642348693606191290e-01
-4.520499653321442020e+04
-4.039149283866986036e+08
-3.872238733649600983e+09
-3.865706167422519531e+06
-4.274163817239245589e+01
-1.103300083908408946e-01
-3.022626387843748716e+02
-1.770816702626977116e+07
-1.770816702626974508e+07
-3.022626387844068176e+02
-1.103300083908283491e-01
-4.274163817238746788e+01
-3.865706167422664352e+06
-3.872238733649651527e+09
-4.039149283866953850e+08
-4.520499653321410005e+04
-7.642348693606861865e-01
-7.642348693606195731e-01
-4.520499653321396181e+04
-4.039149283867000341e+08
-3.872238733649569511e+09
-3.865706167422510218e+06
-4.274163817239190166e+01
-1.103300083908443363e-01
-3.022626387843728253e+02
-1.770816702626980841e+07
-1.770816702626989782e+07
-3.022626387844049987e+02
-1.103300083908290152e-01
-4.274163817238746788e+01
-3.865706167422664352e+06
-3.872238733649642944e+09
-4.039149283866936564e+08
-4.520499653321410005e+04
-7.642348693606910714e-01
-7.642348693606084709e-01
-4.520499653321423102e+04
-4.039149283866994381e+08
-3.872238733649600983e+09
-3.865706167422534898e+06
-4.274163817239210061e+01
-1.103300083908392293e-01
-3.022626387843748716e+02
-1.770816702626980841e+07
-1.770816702626983449e+07
-3.022626387844027818e+02
-1.103300083908279605e-01
-4.274163817238769525e+01
-3.865706167422696017e+06
-3.872238733649634361e+09
-4.039149283866942525e+08
-4.520499653321423102e+04
-7.642348693606910714e-01
-7.642348693606137999e-01
-4.520499653321410005e+04
-4.039149283867000341e+08
-3.872238733649569511e+09
-3.865706167422541883e+06
-4.274163817239221430e+01
-1.103300083908408391e-01
-3.022626387843748716e+02
-1.770816702627017349e+07
-1.770816702627014369e+07
-3.022626387844043165e+02
-1.103300083908290707e-01
-4.274163817238733998e+01
-3.865706167422680184e+06
-3.872238733649634361e+09
-4.039149283866958618e+08
-4.520499653321428923e+04
-7.642348693606915155e-01
-7.642348693606177967e-01
-4.520499653321428923e+04
-4.039149283867010474e+08
-3.872238733649600983e+09
-3.865706167422564700e+06
-4.274163817239163166e+01
-1.103300083908432816e-01
-3.022626387843741327e+02
-1.770816702626989782e+07
-1.770816702626983449e+07
-3.022626387844062492e+02
-1.103300083908321239e-01
-4.274163817238769525e+01
-3.865706167422656901e+06
-3.872238733649642944e+09
-4.039149283866958618e+08
-4.520499653321449296e+04
-7.642348693606835219e-01
-7.642348693606137999e-01
-4.520499653321442020e+04
-4.039149283867010474e+08
-3.872238733649600983e+09
-3.865706167422503233e+06
-4.274163817239198693e+01
-1.103300083908395068e-01
-3.022626387843734506e+02
-1.770816702626987174e+07
-1.770816702626998723e+07
-3.022626387844027818e+02
-1.103300083908321239e-01
-4.274163817238769525e+01
-3.865706167422664352e+06
-3.872238733649651527e+09
-4.039149283866958618e+08
-4.520499653321423102e+04
-7.642348693606919596e-01
-7.642348693606226817e-01
-4.520499653321423102e+04
-4.039149283866994381e+08
-3.872238733649600983e+09
-3.865706167422519531e+06
-4.274163817239210061e+01
-1.103300083908443363e-01
-3.022626387843755538e+02
-1.770816702626989782e+07
-1.770816702626971155e+07
-3.022626387844019291e+02
-1.103300083908279605e-01
-4.274163817238795104e+01
-3.865706167422656901e+06
-3.872238733649660110e+09
-4.039149283866926432e+08
-4.520499653321396181e+04
-7.642348693606910714e-01
-7.642348693606115795e-01
-4.520499653321410005e+04
-4.039149283866986036e+08
-3.872238733649609566e+09
-3.865706167422510218e+06
-4.274163817239245589e+01
-1.103300083908395068e-01
-3.022626387843734506e+02
-1.770816702626989782e+07
-1.770816702626958489e+07
-3.022626387844035207e+02
-1.103300083908292928e-01
-4.274163817238746788e+01
-3.865706167422680184e+06
-3.872238733649651527e+09
-4.039149283866953850e+08
-4.520499653321442020e+04
-7.642348693606959564e-01
-7.642348693606137999e-01
-4.520499653321423102e+04
-4.039149283866994381e+08
-3.872238733649609566e+09
-3.865706167422534898e+06
-4.274163817239198693e+01
-1.103300083908389517e-01
-3.022626387843748716e+02
-1.770816702626983449e+07
