0.000000000000000000e+00
2.789069220741187399e-16
-4.034510494610081233e-17
0.000000000000000000e+00
-2.789069220741186906e-16
1.467377342852880338e-16
4.648448701235306744e-16
1.177953645798523441e-16
7.667134071838301366e-17
0.000000000000000000e+00
-1.177953645798523195e-16
1.859379480494124029e-16
4.034510494610082465e-17
0.000000000000000000e+00
5.544377100049259538e-18
0.000000000000000000e+00
-7.667134071838302599e-17
0.000000000000000000e+00
0.000000000000000000e+00
0.000000000000000000e+00
5.544377100049257997e-18
-2.217750840019704123e-17
2.555711357279433994e-17
8.069020989220162465e-17
-1.859379480494125015e-16
0.000000000000000000e+00
0.000000000000000000e+00
2.555711357279434302e-17
-1.766930468697783683e-16
1.859379480494125508e-16
5.869509371411525297e-16
1.859379480494125754e-16
-4.034510494610082465e-17
0.000000000000000000e+00
0.000000000000000000e+00
-4.402132028558643479e-16
