2.501851170417988546e-01
4.060023748427038504e-01
4.528398454823462371e-01
4.570614714201212680e-01
4.571920056305438518e-01
4.570614714201208240e-01
4.528398454823462371e-01
4.060023748427037393e-01
2.501851170417986880e-01
2.501851170418011860e-01
4.060023748427025181e-01
4.528398454823453489e-01
4.570614714201211570e-01
4.571920056305432412e-01
4.570614714201199913e-01
4.528398454823456265e-01
4.060023748427030732e-01
2.501851170418011860e-01
2.501851170418021852e-01
4.060023748427014079e-01
4.528398454823459041e-01
4.570614714201208240e-01
4.571920056305430746e-01
4.570614714201199913e-01
4.528398454823463481e-01
4.060023748427040724e-01
2.501851170418002979e-01
2.501851170417997983e-01
4.060023748427040724e-01
4.528398454823450159e-01
4.570614714201206574e-01
4.571920056305434632e-01
4.570614714201196582e-01
4.528398454823462371e-01
4.060023748427041834e-01
2.501851170418005754e-01
2.501851170418031844e-01
4.060023748427031287e-01
4.528398454823451269e-01
4.570614714201208795e-01
4.571920056305442404e-01
4.570614714201199913e-01
4.528398454823459041e-01
4.060023748427037393e-01
2.501851170418019632e-01
2.501851170417997428e-01
4.060023748427039059e-01
4.528398454823459041e-01
4.570614714201206574e-01
4.571920056305435187e-01
4.570614714201197137e-01
4.528398454823461261e-01
4.060023748427040724e-01
2.501851170418007975e-01
2.501851170418022963e-01
4.060023748427016854e-01
4.528398454823455710e-01
4.570614714201205464e-01
4.571920056305436297e-01
4.570614714201198803e-01
4.528398454823460706e-01
4.060023748427039059e-01
2.501851170418005754e-01
2.501851170418011860e-01
4.060023748427022960e-01
4.528398454823447938e-01
4.570614714201208795e-01
4.571920056305430746e-01
4.570614714201203244e-01
4.528398454823451824e-01
4.060023748427027401e-01
2.501851170418014081e-01
2.501851170417991321e-01
4.060023748427037393e-01
4.528398454823461816e-01
4.570614714201211570e-01
4.571920056305434632e-01
4.570614714201204354e-01
4.528398454823466812e-01
4.060023748427034063e-01
2.501851170417990211e-01
