-1.249853170580480732e+00
-1.198838755454746829e+00
-1.147824340329012927e+00
-1.096809925203279024e+00
-1.045795510077545121e+00
-9.947810949518112178e-01
-9.437666798260773149e-01
-8.927522647003434120e-01
-8.417378495746095091e-01
-7.907234344488756062e-01
-7.397090193231415922e-01
-6.886946041974076893e-01
-6.376801890716737864e-01
-5.866657739459398835e-01
-5.356513588202059806e-01
-4.846369436944720777e-01
-4.336225285687381747e-01
-3.826081134430042718e-01
-3.315936983172703689e-01
-2.805792831915364660e-01
-2.295648680658024521e-01
-1.785504529400685492e-01
-1.275360378143346463e-01
-7.652162268860074334e-02
-2.550720756286684043e-02
2.550720756286706248e-02
7.652162268860096539e-02
1.275360378143348683e-01
1.785504529400687712e-01
2.295648680658026741e-01
2.805792831915365770e-01
3.315936983172704799e-01
3.826081134430043829e-01
4.336225285687382858e-01
4.846369436944721887e-01
5.356513588202060916e-01
5.866657739459399945e-01
6.376801890716738974e-01
6.886946041974078003e-01
7.397090193231417032e-01
7.907234344488758282e-01
8.417378495746095091e-01
8.927522647003436340e-01
9.437666798260773149e-01
9.947810949518114398e-01
1.045795510077545121e+00
1.096809925203279246e+00
1.147824340329012927e+00
1.198838755454747051e+00
1.249853170580480510e+00
