1.095129416432548074e-16
9.445022675184781302e-17
3.761919917301028340e-17
0.000000000000000000e+00
-9.549693509277084545e-29
-6.352258343026457817e-17
0.000000000000000000e+00
-9.445022675185724237e-17
-3.285388249297965805e-16
9.445022675184781302e-17
4.072963980154820480e-17
3.244494978217577568e-17
2.739275522520488325e-17
2.508437042975317674e-28
-5.478551045040985894e-17
0.000000000000000000e+00
-1.221889194046567986e-16
-9.445022675185710678e-17
0.000000000000000000e+00
0.000000000000000000e+00
0.000000000000000000e+00
1.091043981738603501e-17
-2.798539798352353249e-28
0.000000000000000000e+00
0.000000000000000000e+00
-3.244494978217899891e-17
0.000000000000000000e+00
3.176129171513223978e-17
2.739275522520488325e-17
2.182087963477207618e-17
1.842302172285518637e-17
1.939498824173152729e-28
-3.684604344571042821e-17
-1.091043981738695637e-17
0.000000000000000000e+00
-6.352258343026982903e-17
-9.549693509277084545e-29
2.508437042975317674e-28
-2.798539798352420063e-28
2.307678747310081358e-28
-1.412265604297591775e-37
3.329948961088631578e-29
-3.731386396056936825e-28
-4.180728395676318725e-29
-4.774846723696291516e-29
0.000000000000000000e+00
-2.739275522520492022e-17
0.000000000000000000e+00
-2.763453258428281653e-17
3.636560278316507895e-29
9.211510861427620919e-18
1.091043981738697024e-17
0.000000000000000000e+00
3.176129171513495149e-17
-3.761919917301397503e-17
0.000000000000000000e+00
-1.292271146390051046e-17
-1.091043981738695637e-17
-3.731386396056936825e-28
2.182087963477394356e-17
0.000000000000000000e+00
3.244494978218124224e-17
7.523839834603315160e-17
-9.445022675185724237e-17
-1.221889194046567986e-16
-3.244494978217899891e-17
0.000000000000000000e+00
-4.180728395676318725e-29
2.739275522520727756e-17
3.244494978218124224e-17
4.072963980155513199e-17
9.445022675186379977e-17
-3.285388249297965805e-16
-9.445022675185710678e-17
-3.761919917301397503e-17
-3.176129171513490219e-17
-4.774846723696291516e-29
9.528387514540487296e-17
3.761919917301657580e-17
9.445022675186379977e-17
2.190258832865461735e-16
