-1.050000000000000044e+00
-1.007142857142857117e+00
-9.642857142857143016e-01
-9.214285714285714857e-01
-8.785714285714285587e-01
-8.357142857142857428e-01
-7.928571428571429269e-01
-7.500000000000000000e-01
-7.071428571428571841e-01
-6.642857142857143682e-01
-6.214285714285714413e-01
-5.785714285714286254e-01
-5.357142857142858094e-01
-4.928571428571428825e-01
-4.500000000000000666e-01
-4.071428571428571397e-01
-3.642857142857143238e-01
-3.214285714285715079e-01
-2.785714285714285809e-01
-2.357142857142857650e-01
-1.928571428571428381e-01
-1.500000000000000222e-01
-1.071428571428572063e-01
-6.428571428571427937e-02
-2.142857142857157449e-02
2.142857142857135244e-02
6.428571428571427937e-02
1.071428571428572063e-01
1.499999999999999112e-01
1.928571428571428381e-01
2.357142857142857650e-01
2.785714285714284699e-01
3.214285714285713969e-01
3.642857142857143238e-01
4.071428571428570287e-01
4.499999999999999556e-01
4.928571428571428825e-01
5.357142857142855874e-01
5.785714285714285143e-01
6.214285714285714413e-01
6.642857142857143682e-01
7.071428571428570731e-01
7.500000000000000000e-01
7.928571428571429269e-01
8.357142857142856318e-01
8.785714285714285587e-01
9.214285714285714857e-01
9.642857142857141906e-01
1.007142857142856895e+00
1.050000000000000044e+00
