1.249853170579826589e+00
1.249853170579825701e+00
1.249853170579825701e+00
1.249853170579826145e+00
1.249853170579825257e+00
1.249853170579825701e+00
1.249853170579826145e+00
1.249853170579825701e+00
1.249853170579827033e+00
8.995659221330509769e-01
8.995659221330509769e-01
8.995659221330507549e-01
8.995659221330507549e-01
8.995659221330509769e-01
8.995659221330505328e-01
8.995659221330507549e-01
8.995659221330511990e-01
8.995659221330509769e-01
5.947018894481844731e-01
5.947018894481852502e-01
5.947018894481845841e-01
5.947018894481848061e-01
5.947018894481849172e-01
5.947018894481845841e-01
5.947018894481848061e-01
5.947018894481848061e-01
5.947018894481848061e-01
2.971136090207787683e-01
2.971136090207785463e-01
2.971136090207787683e-01
2.971136090207788794e-01
2.971136090207787683e-01
2.971136090207788794e-01
2.971136090207788238e-01
2.971136090207786573e-01
2.971136090207785463e-01
5.404445878369634510e-17
6.143224350203727487e-17
7.456789452466040450e-17
7.232239587152126126e-17
4.610747776093745351e-17
7.389157407884754356e-17
4.104485930741669995e-17
5.808675631378131768e-17
5.678998242165208274e-17
-2.971136090207785463e-01
-2.971136090207784353e-01
-2.971136090207785463e-01
-2.971136090207785463e-01
-2.971136090207784908e-01
-2.971136090207785463e-01
-2.971136090207784908e-01
-2.971136090207784353e-01
-2.971136090207784353e-01
-5.947018894481844731e-01
-5.947018894481850282e-01
-5.947018894481848061e-01
-5.947018894481848061e-01
-5.947018894481848061e-01
-5.947018894481845841e-01
-5.947018894481846951e-01
-5.947018894481845841e-01
-5.947018894481845841e-01
-8.995659221330507549e-01
-8.995659221330509769e-01
-8.995659221330509769e-01
-8.995659221330507549e-01
-8.995659221330509769e-01
-8.995659221330507549e-01
-8.995659221330511990e-01
-8.995659221330510880e-01
-8.995659221330507549e-01
-1.249853170579826589e+00
-1.249853170579825479e+00
-1.249853170579824813e+00
-1.249853170579825479e+00
-1.249853170579825257e+00
-1.249853170579825701e+00
-1.249853170579825257e+00
-1.249853170579825257e+00
-1.249853170579826589e+00
