8.480382328890247948e-261
1.671039826182287208e-243
1.915277216909275190e-227
1.276879628395267027e-212
4.951556597719455897e-199
1.116881276769249386e-186
1.465364773931366306e-175
1.118299054459075452e-165
4.964135664755535286e-157
1.281748446169519180e-149
1.925020820771192869e-143
1.681672941542313167e-138
8.545178030584624385e-135
2.525655822615557273e-132
4.342108728194033437e-131
4.342108728194033437e-131
2.525655822615557273e-132
8.545178030584624385e-135
1.681672941542313167e-138
1.925020820771192869e-143
1.281748446169519180e-149
4.964135664755535286e-157
1.118299054459075452e-165
1.465364773931366306e-175
1.116881276769249386e-186
4.951556597719455897e-199
1.276879628395267027e-212
1.915277216909493115e-227
1.671039826182287208e-243
8.480382328890247948e-261
1.671039826182287208e-243
3.292745530085954345e-226
3.774009689081564299e-210
2.516061929213220587e-195
9.756928350030714117e-182
2.200788858587900591e-169
2.887467571812123896e-158
2.203582556905370432e-148
9.781715112205217040e-140
2.525655822615413686e-132
3.793209236310138721e-126
3.313697839255391541e-121
1.683807670118740501e-117
4.976746687990512420e-115
8.556025345351917349e-114
8.556025345351917349e-114
4.976746687990512420e-115
1.683807670118740501e-117
3.313697839255391541e-121
3.793209236310138721e-126
2.525655822615413686e-132
9.781715112205217040e-140
2.203582556905370432e-148
2.887467571812123896e-158
2.200788858587900591e-169
9.756928350030714117e-182
2.516061929213220587e-195
3.774009689081993180e-210
3.292745530085954345e-226
1.671039826182287208e-243
1.915277216909275190e-227
3.774009689081564299e-210
4.325614901954277433e-194
2.883806845205134833e-179
1.118299054459075452e-165
2.522453800345033296e-153
3.309496738621203232e-142
2.525655822615413686e-132
1.121140011336875803e-123
2.894802971788579159e-116
4.347620634436108144e-110
3.798024365312281006e-105
1.929911195236656121e-101
5.704142652071572663e-99
9.806564843334397744e-98
9.806564843334397744e-98
5.704142652071572663e-99
1.929911195236656121e-101
3.798024365312281006e-105
4.347620634436108144e-110
2.894802971788579159e-116
1.121140011336875803e-123
2.525655822615413686e-132
3.309496738621203232e-142
2.522453800345033296e-153
1.118299054459075452e-165
2.883806845205134833e-179
4.325614901954523206e-194
3.774009689081993180e-210
1.915277216909493115e-227
1.276879628395267027e-212
2.516061929213220587e-195
2.883806845205134833e-179
1.922580282561726036e-164
7.455491395636034069e-151
1.681672941542408932e-138
2.206379801564863744e-127
1.683807670118836302e-117
7.474431525714472990e-109
1.929911195236765887e-101
2.898477656963375647e-95
2.532072066331051428e-90
1.286635829034934702e-86
3.802845606676566149e-84
6.537854030968079878e-83
6.537854030968079878e-83
3.802845606676566149e-84
1.286635829034934702e-86
2.532072066331051428e-90
2.898477656963375647e-95
1.929911195236765887e-101
7.474431525714472990e-109
1.683807670118836302e-117
2.206379801564863744e-127
1.681672941542408932e-138
7.455491395636034069e-151
1.922580282561726036e-164
2.883806845205462919e-179
2.516061929213506512e-195
1.276879628395412397e-212
4.951556597719455897e-199
9.756928350030714117e-182
1.118299054459075452e-165
7.455491395636034069e-151
2.891132945373809529e-137
6.521287178311023600e-125
8.556025345352404966e-114
6.529565350451647300e-104
2.898477656963458145e-95
7.483919626626780615e-88
1.123988185457767045e-81
9.819013372231415868e-77
4.989389748606916420e-73
1.474689143369968275e-70
2.535286298102381504e-69
2.535286298102381504e-69
1.474689143369968275e-70
4.989389748606773781e-73
9.819013372231415868e-77
1.123988185457767045e-81
7.483919626626780615e-88
2.898477656963458145e-95
6.529565350451647300e-104
8.556025345352404966e-114
6.521287178311023600e-125
2.891132945373809529e-137
7.455491395636034069e-151
1.118299054459139074e-165
9.756928350031270631e-182
4.951556597719738090e-199
1.116881276769249386e-186
2.200788858587900591e-169
2.522453800345033296e-153
1.681672941542408932e-138
6.521287178311023600e-125
1.470952296747640011e-112
1.929911195236820770e-101
1.472819534915531587e-91
6.537854030967894074e-83
1.688085260234196260e-75
2.535286298102381504e-69
2.214792858642351010e-64
1.125414984712091390e-60
3.326333165702746494e-58
5.718633608882531563e-57
5.718633608882531563e-57
3.326333165702746494e-58
1.125414984712091390e-60
2.214792858642351010e-64
2.535286298102381504e-69
1.688085260234196260e-75
6.537854030967894074e-83
1.472819534915531587e-91
1.929911195236820770e-101
1.470952296747640011e-112
6.521287178311023600e-125
1.681672941542408932e-138
2.522453800345176912e-153
2.200788858588275964e-169
1.116881276769439634e-186
1.465364773931366306e-175
2.887467571812123896e-158
3.309496738621203232e-142
2.206379801564863744e-127
8.556025345352404966e-114
1.929911195236820770e-101
2.532072066331194877e-90
1.932361039363156076e-80
8.577761301360649674e-72
2.214792858642351010e-64
3.326333165702746494e-58
2.905841027255157504e-53
1.476561125119747022e-49
4.364198369839252845e-47
7.502931976544945488e-46
7.502931976544945488e-46
4.364198369839252845e-47
1.476561125119747022e-49
2.905841027255157504e-53
3.326333165702746494e-58
2.214792858642351010e-64
8.577761301360649674e-72
1.932361039363156076e-80
2.532072066331194877e-90
1.929911195236820770e-101
8.556025345352404966e-114
2.206379801564863744e-127
3.309496738621391147e-142
2.887467571812452202e-158
1.465364773931532953e-175
1.118299054459075452e-165
2.203582556905370432e-148
2.525655822615413686e-132
1.683807670118836302e-117
6.529565350451647300e-104
1.472819534915531587e-91
1.932361039363156076e-80
1.474689143369926451e-70
6.546153233198802727e-62
1.690228128657305026e-54
2.538504610044155582e-48
2.217604333745158754e-43
1.126843595156403643e-39
3.330555638627208964e-37
5.725892886403999809e-36
5.725892886403999809e-36
3.330555638627208964e-37
1.126843595156403643e-39
2.217604333745158754e-43
2.538504610044155582e-48
1.690228128657305026e-54
6.546153233198802727e-62
1.474689143369926451e-70
1.932361039363156076e-80
1.472819534915531587e-91
6.529565350451647300e-104
1.683807670118836302e-117
2.525655822615557273e-132
2.203582556905495809e-148
1.118299054459139074e-165
4.964135664755535286e-157
9.781715112205217040e-140
1.121140011336875803e-123
7.474431525714472990e-109
2.898477656963458145e-95
6.537854030967894074e-83
8.577761301360649674e-72
6.546153233198802727e-62
2.905841027255116703e-53
7.502931976544732349e-46
1.126843595156403643e-39
9.843957856859331296e-35
5.002064927992870307e-31
1.478435483177578697e-28
2.541727007335898840e-27
2.541727007335916777e-27
1.478435483177568384e-28
5.002064927992798491e-31
9.843957856859331296e-35
1.126843595156403643e-39
7.502931976544732349e-46
2.905841027255116703e-53
6.546153233198802727e-62
8.577761301360649674e-72
6.537854030967894074e-83
2.898477656963458145e-95
7.474431525714472990e-109
1.121140011336939623e-123
9.781715112205772687e-140
4.964135664755817338e-157
1.281748446169519180e-149
2.525655822615413686e-132
2.894802971788579159e-116
1.929911195236765887e-101
7.483919626626780615e-88
1.688085260234196260e-75
2.214792858642351010e-64
1.690228128657305026e-54
7.502931976544732349e-46
1.937270061116661937e-38
2.909529724222362759e-32
2.541727007335880545e-27
1.291541847781070105e-23
3.817346082579606268e-21
6.562783256247919193e-20
6.562783256247964934e-20
3.817346082579606268e-21
1.291541847781051738e-23
2.541727007335880545e-27
2.909529724222362759e-32
1.937270061116661937e-38
7.502931976544732349e-46
1.690228128657305026e-54
2.214792858642351010e-64
1.688085260234196260e-75
7.483919626626780615e-88
1.929911195236765887e-101
2.894802971788743712e-116
2.525655822615557273e-132
1.281748446169737766e-149
1.925020820771192869e-143
3.793209236310138721e-126
4.347620634436108144e-110
2.898477656963375647e-95
1.123988185457767045e-81
2.535286298102381504e-69
3.326333165702746494e-58
2.538504610044155582e-48
1.126843595156403643e-39
2.909529724222362759e-32
4.369738316842555538e-26
3.817346082579606268e-21
1.939729246644140316e-17
5.733161378908191271e-15
9.856453852735337826e-14
9.856453852735337826e-14
5.733161378908150250e-15
1.939729246644112891e-17
3.817346082579606268e-21
4.369738316842555538e-26
2.909529724222362759e-32
1.126843595156403643e-39
2.538504610044155582e-48
3.326333165702746494e-58
2.535286298102381504e-69
1.123988185457767045e-81
2.898477656963375647e-95
4.347620634436478645e-110
3.793209236310354559e-126
1.925020820771302122e-143
1.681672941542313167e-138
3.313697839255391541e-121
3.798024365312281006e-105
2.532072066331051428e-90
9.819013372231415868e-77
2.214792858642351010e-64
2.905841027255157504e-53
2.217604333745158754e-43
9.843957856859331296e-35
2.541727007335880545e-27
3.817346082579606268e-21
3.334783471591328075e-16
1.694522029477598622e-12
5.008414587715080494e-10
8.610468814080545879e-09
8.610468814080577312e-09
5.008414587715062917e-10
1.694522029477574590e-12
3.334783471591328075e-16
3.817346082579606268e-21
2.541727007335880545e-27
9.843957856859331296e-35
2.217604333745158754e-43
2.905841027255157504e-53
2.214792858642351010e-64
9.819013372231415868e-77
2.532072066331051428e-90
3.798024365312497096e-105
3.313697839255768602e-121
1.681672941542504398e-138
8.545178030584624385e-135
1.683807670118740501e-117
1.929911195236656121e-101
1.286635829034934702e-86
4.989389748606916420e-73
1.125414984712091390e-60
1.476561125119747022e-49
1.126843595156403643e-39
5.002064927992870307e-31
1.291541847781070105e-23
1.939729246644140316e-17
1.694522029477598622e-12
8.610468814080698080e-09
2.544953495163621944e-06
4.375285296297476407e-05
4.375285296297483860e-05
2.544953495163599921e-06
8.610468814080605436e-09
1.694522029477598622e-12
1.939729246644140316e-17
1.291541847781070105e-23
5.002064927992870307e-31
1.126843595156403643e-39
1.476561125119747022e-49
1.125414984712091390e-60
4.989389748606916420e-73
1.286635829034934702e-86
1.929911195236820770e-101
1.683807670118836302e-117
8.545178030585109509e-135
2.525655822615557273e-132
4.976746687990512420e-115
5.704142652071572663e-99
3.802845606676566149e-84
1.474689143369968275e-70
3.326333165702746494e-58
4.364198369839252845e-47
3.330555638627208964e-37
1.478435483177578697e-28
3.817346082579606268e-21
5.733161378908191271e-15
5.008414587715080494e-10
2.544953495163621944e-06
7.521992625946260017e-04
1.293181340944103350e-02
1.293181340944107513e-02
7.521992625946214480e-04
2.544953495163585945e-06
5.008414587715080494e-10
5.733161378908191271e-15
3.817346082579606268e-21
1.478435483177578697e-28
3.330555638627208964e-37
4.364198369839252845e-47
3.326333165702746494e-58
1.474689143369968275e-70
3.802845606676566149e-84
5.704142652072059136e-99
4.976746687990795541e-115
2.525655822615700859e-132
4.342108728194033437e-131
8.556025345351917349e-114
9.806564843334397744e-98
6.537854030968079878e-83
2.535286298102381504e-69
5.718633608882531563e-57
7.502931976544945488e-46
5.725892886403999809e-36
2.541727007335898840e-27
6.562783256247919193e-20
9.856453852735337826e-14
8.610468814080545879e-09
4.375285296297476407e-05
1.293181340944103350e-02
2.223237995205577522e-01
2.223237995205582795e-01
1.293181340944094329e-02
4.375285296297421519e-05
8.610468814080545879e-09
9.856453852735337826e-14
6.562783256247919193e-20
2.541727007335898840e-27
5.725892886403999809e-36
7.502931976544945488e-46
5.718633608882531563e-57
2.535286298102381504e-69
6.537854030968079878e-83
9.806564843335233275e-98
8.556025345352404966e-114
4.342108728194280193e-131
4.342108728194033437e-131
8.556025345351917349e-114
9.806564843334397744e-98
6.537854030968079878e-83
2.535286298102381504e-69
5.718633608882531563e-57
7.502931976544945488e-46
5.725892886403999809e-36
2.541727007335916777e-27
6.562783256247964934e-20
9.856453852735337826e-14
8.610468814080577312e-09
4.375285296297483860e-05
1.293181340944107513e-02
2.223237995205582795e-01
2.223237995205588347e-01
1.293181340944097625e-02
4.375285296297429650e-05
8.610468814080577312e-09
9.856453852735337826e-14
6.562783256247964934e-20
2.541727007335916777e-27
5.725892886403999809e-36
7.502931976544945488e-46
5.718633608882531563e-57
2.535286298102381504e-69
6.537854030968079878e-83
9.806564843335233275e-98
8.556025345352404966e-114
4.342108728194280193e-131
2.525655822615557273e-132
4.976746687990512420e-115
5.704142652071572663e-99
3.802845606676566149e-84
1.474689143369968275e-70
3.326333165702746494e-58
4.364198369839252845e-47
3.330555638627208964e-37
1.478435483177568384e-28
3.817346082579606268e-21
5.733161378908150250e-15
5.008414587715062917e-10
2.544953495163599921e-06
7.521992625946214480e-04
1.293181340944094329e-02
1.293181340944097625e-02
7.521992625946152681e-04
2.544953495163572393e-06
5.008414587715062917e-10
5.733161378908150250e-15
3.817346082579606268e-21
1.478435483177568384e-28
3.330555638627208964e-37
4.364198369839252845e-47
3.326333165702746494e-58
1.474689143369968275e-70
3.802845606676566149e-84
5.704142652072059136e-99
4.976746687990795541e-115
2.525655822615700859e-132
8.545178030584624385e-135
1.683807670118740501e-117
1.929911195236656121e-101
1.286635829034934702e-86
4.989389748606773781e-73
1.125414984712091390e-60
1.476561125119747022e-49
1.126843595156403643e-39
5.002064927992798491e-31
1.291541847781051738e-23
1.939729246644112891e-17
1.694522029477574590e-12
8.610468814080605436e-09
2.544953495163585945e-06
4.375285296297421519e-05
4.375285296297429650e-05
2.544953495163572393e-06
8.610468814080483013e-09
1.694522029477574590e-12
1.939729246644112891e-17
1.291541847781051738e-23
5.002064927992798491e-31
1.126843595156403643e-39
1.476561125119747022e-49
1.125414984712091390e-60
4.989389748606773781e-73
1.286635829034934702e-86
1.929911195236820770e-101
1.683807670118836302e-117
8.545178030585109509e-135
1.681672941542313167e-138
3.313697839255391541e-121
3.798024365312281006e-105
2.532072066331051428e-90
9.819013372231415868e-77
2.214792858642351010e-64
2.905841027255157504e-53
2.217604333745158754e-43
9.843957856859331296e-35
2.541727007335880545e-27
3.817346082579606268e-21
3.334783471591328075e-16
1.694522029477598622e-12
5.008414587715080494e-10
8.610468814080545879e-09
8.610468814080577312e-09
5.008414587715062917e-10
1.694522029477574590e-12
3.334783471591328075e-16
3.817346082579606268e-21
2.541727007335880545e-27
9.843957856859331296e-35
2.217604333745158754e-43
2.905841027255157504e-53
2.214792858642351010e-64
9.819013372231415868e-77
2.532072066331051428e-90
3.798024365312497096e-105
3.313697839255768602e-121
1.681672941542504398e-138
1.925020820771192869e-143
3.793209236310138721e-126
4.347620634436108144e-110
2.898477656963375647e-95
1.123988185457767045e-81
2.535286298102381504e-69
3.326333165702746494e-58
2.538504610044155582e-48
1.126843595156403643e-39
2.909529724222362759e-32
4.369738316842555538e-26
3.817346082579606268e-21
1.939729246644140316e-17
5.733161378908191271e-15
9.856453852735337826e-14
9.856453852735337826e-14
5.733161378908150250e-15
1.939729246644112891e-17
3.817346082579606268e-21
4.369738316842555538e-26
2.909529724222362759e-32
1.126843595156403643e-39
2.538504610044155582e-48
3.326333165702746494e-58
2.535286298102381504e-69
1.123988185457767045e-81
2.898477656963375647e-95
4.347620634436478645e-110
3.793209236310354559e-126
1.925020820771302122e-143
1.281748446169519180e-149
2.525655822615413686e-132
2.894802971788579159e-116
1.929911195236765887e-101
7.483919626626780615e-88
1.688085260234196260e-75
2.214792858642351010e-64
1.690228128657305026e-54
7.502931976544732349e-46
1.937270061116661937e-38
2.909529724222362759e-32
2.541727007335880545e-27
1.291541847781070105e-23
3.817346082579606268e-21
6.562783256247919193e-20
6.562783256247964934e-20
3.817346082579606268e-21
1.291541847781051738e-23
2.541727007335880545e-27
2.909529724222362759e-32
1.937270061116661937e-38
7.502931976544732349e-46
1.690228128657305026e-54
2.214792858642351010e-64
1.688085260234196260e-75
7.483919626626780615e-88
1.929911195236765887e-101
2.894802971788743712e-116
2.525655822615557273e-132
1.281748446169737766e-149
4.964135664755535286e-157
9.781715112205217040e-140
1.121140011336875803e-123
7.474431525714472990e-109
2.898477656963458145e-95
6.537854030967894074e-83
8.577761301360649674e-72
6.546153233198802727e-62
2.905841027255116703e-53
7.502931976544732349e-46
1.126843595156403643e-39
9.843957856859331296e-35
5.002064927992870307e-31
1.478435483177578697e-28
2.541727007335898840e-27
2.541727007335916777e-27
1.478435483177568384e-28
5.002064927992798491e-31
9.843957856859331296e-35
1.126843595156403643e-39
7.502931976544732349e-46
2.905841027255116703e-53
6.546153233198802727e-62
8.577761301360649674e-72
6.537854030967894074e-83
2.898477656963458145e-95
7.474431525714472990e-109
1.121140011336939623e-123
9.781715112205772687e-140
4.964135664755817338e-157
1.118299054459075452e-165
2.203582556905370432e-148
2.525655822615413686e-132
1.683807670118836302e-117
6.529565350451647300e-104
1.472819534915531587e-91
1.932361039363156076e-80
1.474689143369926451e-70
6.546153233198802727e-62
1.690228128657305026e-54
2.538504610044155582e-48
2.217604333745158754e-43
1.126843595156403643e-39
3.330555638627208964e-37
5.725892886403999809e-36
5.725892886403999809e-36
3.330555638627208964e-37
1.126843595156403643e-39
2.217604333745158754e-43
2.538504610044155582e-48
1.690228128657305026e-54
6.546153233198802727e-62
1.474689143369926451e-70
1.932361039363156076e-80
1.472819534915531587e-91
6.529565350451647300e-104
1.683807670118836302e-117
2.525655822615557273e-132
2.203582556905495809e-148
1.118299054459139074e-165
1.465364773931366306e-175
2.887467571812123896e-158
3.309496738621203232e-142
2.206379801564863744e-127
8.556025345352404966e-114
1.929911195236820770e-101
2.532072066331194877e-90
1.932361039363156076e-80
8.577761301360649674e-72
2.214792858642351010e-64
3.326333165702746494e-58
2.905841027255157504e-53
1.476561125119747022e-49
4.364198369839252845e-47
7.502931976544945488e-46
7.502931976544945488e-46
4.364198369839252845e-47
1.476561125119747022e-49
2.905841027255157504e-53
3.326333165702746494e-58
2.214792858642351010e-64
8.577761301360649674e-72
1.932361039363156076e-80
2.532072066331194877e-90
1.929911195236820770e-101
8.556025345352404966e-114
2.206379801564863744e-127
3.309496738621391147e-142
2.887467571812452202e-158
1.465364773931532953e-175
1.116881276769249386e-186
2.200788858587900591e-169
2.522453800345033296e-153
1.681672941542408932e-138
6.521287178311023600e-125
1.470952296747640011e-112
1.929911195236820770e-101
1.472819534915531587e-91
6.537854030967894074e-83
1.688085260234196260e-75
2.535286298102381504e-69
2.214792858642351010e-64
1.125414984712091390e-60
3.326333165702746494e-58
5.718633608882531563e-57
5.718633608882531563e-57
3.326333165702746494e-58
1.125414984712091390e-60
2.214792858642351010e-64
2.535286298102381504e-69
1.688085260234196260e-75
6.537854030967894074e-83
1.472819534915531587e-91
1.929911195236820770e-101
1.470952296747640011e-112
6.521287178311023600e-125
1.681672941542408932e-138
2.522453800345176912e-153
2.200788858588275964e-169
1.116881276769439634e-186
4.951556597719455897e-199
9.756928350030714117e-182
1.118299054459075452e-165
7.455491395636034069e-151
2.891132945373809529e-137
6.521287178311023600e-125
8.556025345352404966e-114
6.529565350451647300e-104
2.898477656963458145e-95
7.483919626626780615e-88
1.123988185457767045e-81
9.819013372231415868e-77
4.989389748606916420e-73
1.474689143369968275e-70
2.535286298102381504e-69
2.535286298102381504e-69
1.474689143369968275e-70
4.989389748606773781e-73
9.819013372231415868e-77
1.123988185457767045e-81
7.483919626626780615e-88
2.898477656963458145e-95
6.529565350451647300e-104
8.556025345352404966e-114
6.521287178311023600e-125
2.891132945373809529e-137
7.455491395636034069e-151
1.118299054459139074e-165
9.756928350031270631e-182
4.951556597719738090e-199
1.276879628395267027e-212
2.516061929213220587e-195
2.883806845205134833e-179
1.922580282561726036e-164
7.455491395636034069e-151
1.681672941542408932e-138
2.206379801564863744e-127
1.683807670118836302e-117
7.474431525714472990e-109
1.929911195236765887e-101
2.898477656963375647e-95
2.532072066331051428e-90
1.286635829034934702e-86
3.802845606676566149e-84
6.537854030968079878e-83
6.537854030968079878e-83
3.802845606676566149e-84
1.286635829034934702e-86
2.532072066331051428e-90
2.898477656963375647e-95
1.929911195236765887e-101
7.474431525714472990e-109
1.683807670118836302e-117
2.206379801564863744e-127
1.681672941542408932e-138
7.455491395636034069e-151
1.922580282561726036e-164
2.883806845205462919e-179
2.516061929213506512e-195
1.276879628395412397e-212
1.915277216909493115e-227
3.774009689081993180e-210
4.325614901954523206e-194
2.883806845205462919e-179
1.118299054459139074e-165
2.522453800345176912e-153
3.309496738621391147e-142
2.525655822615557273e-132
1.121140011336939623e-123
2.894802971788743712e-116
4.347620634436478645e-110
3.798024365312497096e-105
1.929911195236820770e-101
5.704142652072059136e-99
9.806564843335233275e-98
9.806564843335233275e-98
5.704142652072059136e-99
1.929911195236820770e-101
3.798024365312497096e-105
4.347620634436478645e-110
2.894802971788743712e-116
1.121140011336939623e-123
2.525655822615557273e-132
3.309496738621391147e-142
2.522453800345176912e-153
1.118299054459139074e-165
2.883806845205462919e-179
4.325614901954769587e-194
3.774009689081993180e-210
1.915277216909493115e-227
1.671039826182287208e-243
3.292745530085954345e-226
3.774009689081993180e-210
2.516061929213506512e-195
9.756928350031270631e-182
2.200788858588275964e-169
2.887467571812452202e-158
2.203582556905495809e-148
9.781715112205772687e-140
2.525655822615557273e-132
3.793209236310354559e-126
3.313697839255768602e-121
1.683807670118836302e-117
4.976746687990795541e-115
8.556025345352404966e-114
8.556025345352404966e-114
4.976746687990795541e-115
1.683807670118836302e-117
3.313697839255768602e-121
3.793209236310354559e-126
2.525655822615557273e-132
9.781715112205772687e-140
2.203582556905495809e-148
2.887467571812452202e-158
2.200788858588275964e-169
9.756928350031270631e-182
2.516061929213506512e-195
3.774009689081993180e-210
3.292745530086328519e-226
1.671039826182477122e-243
8.480382328890247948e-261
1.671039826182287208e-243
1.915277216909493115e-227
1.276879628395412397e-212
4.951556597719738090e-199
1.116881276769439634e-186
1.465364773931532953e-175
1.118299054459139074e-165
4.964135664755817338e-157
1.281748446169737766e-149
1.925020820771302122e-143
1.681672941542504398e-138
8.545178030585109509e-135
2.525655822615700859e-132
4.342108728194280193e-131
4.342108728194280193e-131
2.525655822615700859e-132
8.545178030585109509e-135
1.681672941542504398e-138
1.925020820771302122e-143
1.281748446169737766e-149
4.964135664755817338e-157
1.118299054459139074e-165
1.465364773931532953e-175
1.116881276769439634e-186
4.951556597719738090e-199
1.276879628395412397e-212
1.915277216909493115e-227
1.671039826182477122e-243
8.480382328891213727e-261
