2.501851170407685676e-01
2.501851170407692893e-01
2.501851170407698999e-01
2.501851170407705105e-01
2.501851170407704550e-01
2.501851170407715652e-01
2.501851170407697333e-01
2.501851170407692893e-01
2.501851170407687897e-01
4.060023748423953194e-01
4.060023748423951528e-01
4.060023748423939871e-01
4.060023748423953194e-01
4.060023748423953749e-01
4.060023748423959300e-01
4.060023748423933210e-01
4.060023748423953194e-01
4.060023748423950973e-01
4.528398454820770636e-01
4.528398454820760644e-01
4.528398454820767860e-01
4.528398454820766750e-01
4.528398454820766195e-01
4.528398454820766750e-01
4.528398454820767860e-01
4.528398454820763419e-01
4.528398454820770080e-01
4.570614714198130146e-01
4.570614714198127926e-01
4.570614714198125150e-01
4.570614714198126816e-01
4.570614714198125705e-01
4.570614714198126816e-01
4.570614714198127926e-01
4.570614714198126816e-01
4.570614714198130146e-01
4.571920056302316571e-01
4.571920056302315460e-01
4.571920056302314350e-01
4.571920056302314350e-01
4.571920056302316571e-01
4.571920056302316571e-01
4.571920056302314350e-01
4.571920056302317681e-01
4.571920056302316571e-01
4.570614714198122375e-01
4.570614714198122375e-01
4.570614714198118489e-01
4.570614714198120154e-01
4.570614714198117934e-01
4.570614714198122930e-01
4.570614714198118489e-01
4.570614714198122930e-01
4.570614714198120154e-01
4.528398454820770080e-01
4.528398454820771191e-01
4.528398454820774521e-01
4.528398454820770080e-01
4.528398454820773411e-01
4.528398454820770636e-01
4.528398454820771191e-01
4.528398454820770636e-01
4.528398454820770080e-01
4.060023748423955414e-01
4.060023748423959300e-01
4.060023748423959300e-01
4.060023748423957635e-01
4.060023748423961520e-01
4.060023748423959300e-01
4.060023748423958745e-01
4.060023748423957635e-01
4.060023748423957635e-01
2.501851170407694558e-01
2.501851170407694558e-01
2.501851170407685121e-01
2.501851170407690672e-01
2.501851170407689562e-01
2.501851170407685676e-01
2.501851170407690117e-01
2.501851170407690117e-01
2.501851170407693448e-01
