1.249853170580480732e+00
1.249853170580480288e+00
1.249853170580480066e+00
1.249853170580479844e+00
1.249853170580480066e+00
1.249853170580479400e+00
1.249853170580480288e+00
1.249853170580480288e+00
1.249853170580480732e+00
8.995659221333693889e-01
8.995659221333693889e-01
8.995659221333698330e-01
8.995659221333693889e-01
8.995659221333693889e-01
8.995659221333691669e-01
8.995659221333700550e-01
8.995659221333693889e-01
8.995659221333696109e-01
5.947018894484051854e-01
5.947018894484055185e-01
5.947018894484052964e-01
5.947018894484052964e-01
5.947018894484052964e-01
5.947018894484052964e-01
5.947018894484052964e-01
5.947018894484052964e-01
5.947018894484050744e-01
2.971136090208915670e-01
2.971136090208916780e-01
2.971136090208917335e-01
2.971136090208917890e-01
2.971136090208917890e-01
2.971136090208916780e-01
2.971136090208916780e-01
2.971136090208917890e-01
2.971136090208916780e-01
8.511364700941834902e-17
1.220476388143791232e-16
1.067364503658945637e-16
1.747094273196544040e-16
6.858980532798897013e-17
3.135248556375172656e-17
5.701244597725647387e-17
5.030592941823163977e-17
5.247886329426309816e-17
-2.971136090208915670e-01
-2.971136090208915670e-01
-2.971136090208915670e-01
-2.971136090208915115e-01
-2.971136090208915670e-01
-2.971136090208915670e-01
-2.971136090208916780e-01
-2.971136090208915115e-01
-2.971136090208916780e-01
-5.947018894484051854e-01
-5.947018894484050744e-01
-5.947018894484050744e-01
-5.947018894484052964e-01
-5.947018894484050744e-01
-5.947018894484052964e-01
-5.947018894484051854e-01
-5.947018894484051854e-01
-5.947018894484052964e-01
-8.995659221333693889e-01
-8.995659221333693889e-01
-8.995659221333693889e-01
-8.995659221333693889e-01
-8.995659221333693889e-01
-8.995659221333693889e-01
-8.995659221333693889e-01
-8.995659221333693889e-01
-8.995659221333693889e-01
-1.249853170580479844e+00
-1.249853170580479844e+00
-1.249853170580480288e+00
-1.249853170580480288e+00
-1.249853170580480288e+00
-1.249853170580480288e+00
-1.249853170580480066e+00
-1.249853170580480066e+00
-1.249853170580479844e+00
