5.191823663248885858e-04
1.372621129138122372e-03
2.748805872886607177e-03
4.169654822474801875e-03
4.790918491350566050e-03
4.169654822474801875e-03
2.748805872886608478e-03
1.372621129138122372e-03
5.191823663248890195e-04
1.372621129138122372e-03
3.628953690190256376e-03
7.267328911286722280e-03
1.102378794383027279e-02
1.266629295551072003e-02
1.102378794383027279e-02
7.267328911286726617e-03
3.628953690190256376e-03
1.372621129138123456e-03
2.748805872886607177e-03
7.267328911286722280e-03
1.455352534467172464e-02
2.207619597148720303e-02
2.536547028506844215e-02
2.207619597148720997e-02
1.455352534467172811e-02
7.267328911286722280e-03
2.748805872886609779e-03
4.169654822474801875e-03
1.102378794383027279e-02
2.207619597148720303e-02
3.348731094558732302e-02
3.847680061430074766e-02
3.348731094558733690e-02
2.207619597148721344e-02
1.102378794383027279e-02
4.169654822474804477e-03
4.790918491350566050e-03
1.266629295551072003e-02
2.536547028506844215e-02
3.847680061430074766e-02
4.420970641441537147e-02
3.847680061430074766e-02
2.536547028506845256e-02
1.266629295551072003e-02
4.790918491350570386e-03
4.169654822474801875e-03
1.102378794383027279e-02
2.207619597148720997e-02
3.348731094558733690e-02
3.847680061430074766e-02
3.348731094558733690e-02
2.207619597148721691e-02
1.102378794383027279e-02
4.169654822474804477e-03
2.748805872886608478e-03
7.267328911286726617e-03
1.455352534467172811e-02
2.207619597148721344e-02
2.536547028506845256e-02
2.207619597148721691e-02
1.455352534467173331e-02
7.267328911286726617e-03
2.748805872886609779e-03
1.372621129138122372e-03
3.628953690190256376e-03
7.267328911286722280e-03
1.102378794383027279e-02
1.266629295551072003e-02
1.102378794383027279e-02
7.267328911286726617e-03
3.628953690190256376e-03
1.372621129138123456e-03
5.191823663248890195e-04
1.372621129138123456e-03
2.748805872886609779e-03
4.169654822474804477e-03
4.790918491350570386e-03
4.169654822474804477e-03
2.748805872886609779e-03
1.372621129138123456e-03
5.191823663248895616e-04
