-4.340451813351257855e-16
1.479854074307592163e-16
1.048959432082948535e-16
-2.744744259159458478e-16
3.197222140720386150e-17
4.391590814655133861e-16
1.048959432082947796e-16
-1.479854074307592656e-16
2.893634542234165329e-16
-2.959708148615186792e-16
-3.711060151515066603e-16
3.142797041972190079e-16
5.480331845442497216e-17
-1.337951321177170080e-17
1.096066369088498580e-16
-5.237995069953644380e-16
7.422120303030132219e-17
1.479854074307592656e-16
-3.146878296248844003e-16
2.095198027981461450e-16
1.477171132678464045e-16
-5.795183518382028176e-17
9.015304245699288985e-18
5.795183518382019548e-17
-7.385855663392312830e-17
5.237995069953661636e-17
3.146878296248837101e-16
-2.195795407327563233e-16
-8.220497768163745516e-17
-3.863455678921350679e-17
8.083657931819509769e-17
3.234722532493179306e-17
6.062743448864616611e-17
5.795183518382020780e-17
-5.480331845442504612e-17
1.646846555495671685e-16
-3.022537834740233502e-17
5.523441956256024574e-17
-8.429560797407041859e-18
8.310640830112713959e-17
5.484636595865042818e-17
3.263174257472678472e-17
-3.434335056118439584e-17
-1.423828411843386098e-17
-8.873850437821321428e-18
1.097897703663780260e-16
-5.480331845442491670e-17
1.931727839460672566e-17
-3.031371724432307073e-17
1.390280117257013887e-18
7.073200690342044085e-17
1.738555055514605125e-16
0.000000000000000000e+00
1.097897703663778288e-16
0.000000000000000000e+00
-2.095198027981457259e-16
1.846463915848078639e-16
0.000000000000000000e+00
-1.717353911063324893e-17
1.931727839460671642e-17
-3.692927831696155799e-17
1.047599013990730109e-16
1.048959432082944468e-16
-4.439562222922774025e-16
-7.422120303030132219e-17
-5.237995069953662252e-17
1.370082961360625691e-16
3.572326593413882546e-17
-1.370082961360624458e-16
5.237995069953659171e-17
-3.711060151515071533e-16
1.479854074307590931e-16
4.340451813351260813e-16
2.959708148615182847e-16
0.000000000000000000e+00
0.000000000000000000e+00
5.399094074381854405e-17
1.097897703663777549e-16
-1.048959432082945084e-16
-1.479854074307590438e-16
-4.340451813351252924e-16
