1.230860821621567584e-15
1.138032222461336615e-15
6.591077181356592779e-16
4.329902018866354265e-16
0.000000000000000000e+00
0.000000000000000000e+00
-8.659804037732709516e-16
6.591077181356595737e-16
1.138032222461337404e-15
0.000000000000000000e+00
2.276064444922668103e-15
0.000000000000000000e+00
-6.087102555979886514e-16
4.001513354717602293e-16
9.280368288874366712e-17
0.000000000000000000e+00
0.000000000000000000e+00
-3.043551277989935368e-16
-5.258483885842117591e-16
-5.690161112306715616e-16
6.591077181356593765e-16
-3.043551277989942764e-16
1.760036506994187305e-16
0.000000000000000000e+00
-5.374809151743488155e-17
-5.374809151743480143e-17
-1.158052074679811243e-16
5.280109520982570051e-16
-3.043551277989929452e-16
0.000000000000000000e+00
8.659804037732691766e-16
0.000000000000000000e+00
4.632208298719243001e-16
3.045001394143034586e-16
1.059278411272194915e-16
-3.530928037573979968e-17
-7.612503485357586466e-17
-2.316104149359624952e-16
-6.002270032076393332e-16
-8.659804037732710502e-16
2.007486228540874745e-16
1.856073657774872603e-16
-5.374809151743485073e-17
1.059278411272194915e-16
8.185329515519936019e-17
-5.729730660863951885e-17
-3.530928037573981817e-17
5.374809151743490620e-17
-9.280368288874329734e-17
-2.007486228540873759e-16
-2.007486228540869321e-16
0.000000000000000000e+00
-5.374809151743478294e-17
3.530928037573981201e-17
-7.366796563967940075e-17
5.729730660863944490e-17
-3.530928037573979352e-17
5.374809151743482608e-17
0.000000000000000000e+00
2.007486228540874252e-16
-6.494853028299530904e-16
4.001513354717615112e-16
0.000000000000000000e+00
-2.283751045607275077e-16
-3.530928037573982433e-17
7.061856075147959936e-17
0.000000000000000000e+00
1.158052074679811983e-16
0.000000000000000000e+00
4.329902018866362647e-16
0.000000000000000000e+00
-3.043551277989934875e-16
3.520073013988378555e-16
-3.474156224039436442e-16
0.000000000000000000e+00
1.612442745523044782e-16
4.632208298719243001e-16
1.760036506994189031e-16
-3.043551277989934382e-16
-6.591077181356635180e-16
5.690161112306679131e-16
5.258483885842126466e-16
-3.043551277989928959e-16
-1.000378338679398133e-15
-9.280368288874335897e-17
1.856073657774865207e-16
4.001513354717595883e-16
-3.043551277989934382e-16
1.051696777168417207e-15
-1.707048333692009557e-15
1.230860821621574881e-15
1.707048333692017840e-15
0.000000000000000000e+00
-6.494853028299533863e-16
0.000000000000000000e+00
0.000000000000000000e+00
8.659804037732726279e-16
0.000000000000000000e+00
-1.138032222461337010e-15
0.000000000000000000e+00
