4.386085522402691783e-01
4.064654179986210147e-01
3.669248798230470565e-01
4.079761489540142394e-01
4.381345192041150027e-01
4.381345192041149472e-01
4.079761489540136288e-01
3.669248798230476671e-01
4.064654179986212923e-01
4.386085522402712322e-01
4.386085522402703440e-01
4.064654179986210703e-01
3.669248798230472230e-01
4.079761489540140174e-01
4.381345192041151138e-01
4.381345192041148917e-01
4.079761489540141839e-01
3.669248798230467234e-01
4.064654179986217919e-01
4.386085522402744519e-01
4.386085522402708992e-01
4.064654179986232352e-01
3.669248798230473896e-01
4.079761489540142949e-01
4.381345192041150027e-01
4.381345192041149472e-01
4.079761489540140174e-01
3.669248798230478337e-01
4.064654179986218474e-01
4.386085522402715653e-01
4.386085522402707881e-01
4.064654179986226801e-01
3.669248798230463904e-01
4.079761489540140729e-01
4.381345192041148917e-01
4.381345192041148917e-01
4.079761489540142394e-01
3.669248798230468900e-01
4.064654179986212923e-01
4.386085522402708992e-01
4.386085522402725090e-01
4.064654179986209037e-01
3.669248798230467234e-01
4.079761489540140174e-01
4.381345192041148917e-01
4.381345192041148362e-01
4.079761489540139063e-01
3.669248798230468900e-01
4.064654179986202931e-01
4.386085522402701775e-01
4.386085522402712322e-01
4.064654179986211813e-01
3.669248798230464459e-01
4.079761489540144614e-01
4.381345192041148362e-01
4.381345192041146697e-01
4.079761489540140729e-01
3.669248798230463349e-01
4.064654179986210703e-01
4.386085522402712877e-01
4.386085522402725090e-01
4.064654179986226801e-01
3.669248798230467234e-01
4.079761489540140729e-01
4.381345192041148917e-01
4.381345192041148917e-01
4.079761489540141839e-01
3.669248798230466679e-01
4.064654179986221250e-01
4.386085522402727310e-01
4.386085522402715653e-01
4.064654179986211813e-01
3.669248798230476671e-01
4.079761489540142394e-01
4.381345192041151138e-01
4.381345192041149472e-01
4.079761489540140174e-01
3.669248798230472230e-01
4.064654179986228466e-01
4.386085522402735637e-01
4.386085522402740078e-01
4.064654179986218474e-01
3.669248798230473341e-01
4.079761489540137398e-01
4.381345192041149472e-01
4.381345192041148917e-01
4.079761489540140174e-01
3.669248798230471675e-01
4.064654179986210147e-01
4.386085522402746184e-01
4.386085522402725090e-01
4.064654179986219584e-01
3.669248798230476671e-01
4.079761489540140174e-01
4.381345192041150027e-01
4.381345192041148917e-01
4.079761489540137398e-01
3.669248798230476671e-01
4.064654179986219584e-01
4.386085522402730086e-01
