0.000000000000000000e+00
1.619891820204157722e-14
-1.794839393089368379e-14
6.886593092510689128e-14
5.667973572244360223e-14
-1.376861389587549305e-13
-3.576215239003593685e-14
2.436932870031371002e-14
1.175498248565220936e-13
6.491039877815393180e-14
1.034403646033239976e-14
0.000000000000000000e+00
4.338296460250506563e-14
-4.351055434625952311e-14
1.216592780664383985e-14
4.283787116354493447e-14
2.901865437727543053e-14
6.325028442047240418e-15
-9.300550369082863177e-15
0.000000000000000000e+00
3.232538176017185056e-15
3.303496788279208881e-14
2.415449727296827576e-15
6.524024168302713594e-15
0.000000000000000000e+00
-9.594854362225028436e-16
1.631006042075731647e-15
-7.246349181890325349e-15
-2.702861008591939806e-14
-1.616269088008296824e-14
0.000000000000000000e+00
9.300550369083409068e-15
-4.427519909432411881e-14
-2.176399078295688844e-14
0.000000000000000000e+00
-2.433185561329073733e-14
3.480844347701090015e-14
-6.507444690376417755e-14
1.148896867529219767e-14
3.103210938100327665e-14
-4.868279908361761033e-14
-7.480443399961177062e-14
-7.310798610094232597e-14
-2.384143492668968214e-14
1.770250358041447084e-13
-4.250980179183528125e-14
-3.443296546255638021e-14
0.000000000000000000e+00
4.859675460613903530e-14
0.000000000000000000e+00
4.859675460611877104e-14
-1.282712442109046726e-13
0.000000000000000000e+00
1.136084058033531365e-13
-3.740164287846259011e-14
5.191841263444130406e-14
6.292963955967630042e-14
-8.040436096482363896e-14
-2.820700373370691295e-14
8.566557253647966849e-14
-1.365176662178513502e-14
7.581329055748938554e-14
0.000000000000000000e+00
3.445439906156063281e-14
-5.619598965869390739e-14
3.769070669003066347e-14
1.914887677011414606e-14
1.669495822238819725e-14
-2.454922992314500853e-14
3.940066347947827276e-15
-4.266185080982587893e-15
-3.963500003297428145e-15
-6.375585043905299332e-15
-2.152555622800801355e-15
0.000000000000000000e+00
-9.497164221334917046e-16
4.305111245601065496e-15
1.115727382683367962e-14
1.189050000989205409e-14
4.266185080982315736e-15
0.000000000000000000e+00
2.454922992314542505e-14
-1.669495822238785646e-14
-9.574438385057855578e-15
0.000000000000000000e+00
0.000000000000000000e+00
-5.742399843593729314e-14
0.000000000000000000e+00
-6.065063244599946267e-14
-2.730353324357096107e-14
-1.070819656706020248e-13
-4.231050560056064868e-14
1.125661053507689652e-13
-1.258592791193578262e-13
-3.893880947583541618e-14
1.870082143922977729e-14
-2.272168116067517683e-14
7.106315854977436989e-14
8.551416280727059791e-14
3.239783640408410739e-14
1.256387575162141915e-13
0.000000000000000000e+00
-3.936906027224726982e-14
3.776361916240025745e-14
2.072073724357245012e-14
-4.314414874341805917e-14
1.743170120074817246e-14
3.563538742285469265e-14
-3.125341605282594712e-14
-1.186483026820971243e-14
-3.025230229874910890e-14
1.680036313047790233e-14
-2.378965356676685327e-14
5.090061112280671029e-14
-2.668540102016472275e-14
1.566051664813425534e-14
1.591279458198986725e-14
-2.774732466239117995e-14
-6.800128468215334533e-15
1.309692407630307188e-14
-2.836173741463918342e-14
-6.587348790988006733e-15
-1.766059156944598240e-15
1.192515320909245570e-15
1.403059247746956360e-15
2.806118495494122951e-15
-1.192515320909228609e-15
-8.830295784722584345e-15
-2.195782930329081433e-15
0.000000000000000000e+00
-1.309692407630363198e-14
-1.360025693643056494e-14
0.000000000000000000e+00
-2.121705944265214344e-14
-4.176137772835612097e-14
8.895133673387898026e-15
-6.998834029387007034e-14
0.000000000000000000e+00
-5.040108939143642699e-14
3.025230229875164588e-14
-5.932415134103899327e-14
-3.125341605282683695e-14
-1.781769371142772498e-14
3.486340240150341942e-14
4.314414874342074761e-14
-2.072073724357312223e-14
-1.007029844330647531e-13
3.936906027224998981e-14
0.000000000000000000e+00
0.000000000000000000e+00
3.443296546255922010e-14
6.816504348201518378e-14
8.811511137892552164e-14
6.037269007715301446e-14
-3.975141609014720468e-14
6.897466386987350753e-14
5.016241454958511608e-14
1.196376015220861504e-13
7.494731225365729309e-14
1.138095586579959624e-13
0.000000000000000000e+00
8.863374708472606959e-14
-1.521299106774487241e-14
1.830935742317947099e-14
0.000000000000000000e+00
9.013135429143959933e-14
-1.017591255147813094e-14
-8.871912833645277842e-15
1.956848982424018991e-14
8.375205192401428226e-15
4.534190368829951602e-15
-2.106240529259345978e-15
8.470176507890531259e-15
-1.143886160971686162e-15
0.000000000000000000e+00
0.000000000000000000e+00
0.000000000000000000e+00
-1.694035301578060301e-15
1.684992423407447121e-14
-9.068380737659799074e-15
-4.187602596201055690e-15
-1.956848982424046759e-14
0.000000000000000000e+00
1.017591255147853483e-14
-4.506567714572371241e-14
2.559711048589121545e-14
3.051559570530435741e-14
0.000000000000000000e+00
-6.446090697071492553e-14
1.450932718863857670e-14
-1.251905145237922972e-13
-1.049262371551257639e-13
-8.545542965864887883e-14
-3.344160969972722881e-14
-1.379493277397780489e-14
5.962712413522458724e-14
-1.207453801543300450e-14
-6.293936527066618068e-14
2.272168116067634434e-14
-1.721648273127791873e-14
-5.667973572246353833e-14
1.870082143922830369e-14
0.000000000000000000e+00
1.987570804507019446e-14
-4.907546992346835545e-14
-2.270770130861543624e-14
2.752376095297349010e-14
-1.406668452731721896e-14
1.233698145541815868e-14
-6.556876463693220205e-14
-3.582547216809974446e-14
-6.631743228660868864e-14
-2.504181966834383582e-14
-3.013883718851430451e-14
2.808988115341752943e-14
8.242448468940278117e-15
-8.375205192401698016e-15
7.301933436262072611e-15
1.073716533623771502e-14
-1.033968524770196600e-14
2.985463920076034008e-14
0.000000000000000000e+00
-1.394256501644946504e-15
4.707346900671960424e-15
-2.769204627718487026e-16
1.661522776631224251e-15
-4.707346900671995134e-15
-1.394256501644945124e-15
0.000000000000000000e+00
-2.612280930066675381e-14
3.446561749233914120e-15
5.368582668119120987e-15
-7.301933436261813864e-15
-8.375205192401948874e-15
1.648489693788245897e-14
-7.022470288354432214e-14
4.018511625135710973e-14
1.252090983417167652e-14
5.305394582928747219e-14
0.000000000000000000e+00
3.746786550681428106e-14
2.467396291084046362e-14
0.000000000000000000e+00
-5.504752190594431070e-14
6.812310392586165365e-14
4.907546992346840594e-14
-3.975141609014251569e-14
6.216221173071809189e-14
-1.683073929530570209e-13
0.000000000000000000e+00
-7.867779369070532703e-14
1.297960315861142253e-14
-2.876276582894447032e-14
6.897466386987553964e-14
-5.676925327153928638e-14
4.728118979522145483e-14
0.000000000000000000e+00
4.881561123937190442e-14
1.712514880464764781e-14
-1.300258459391425831e-14
0.000000000000000000e+00
-9.205689213938504080e-15
5.214176754205125261e-14
4.183606687945953206e-14
3.899245937711401417e-14
4.004513176043400882e-14
3.487736658299918250e-14
1.013602867407808448e-14
-1.117827703530714893e-14
4.784273784765996291e-15
1.813079550942100875e-14
0.000000000000000000e+00
5.806235673059953040e-15
1.306864485378482328e-15
0.000000000000000000e+00
7.688004886077588135e-16
-1.306864485378386876e-15
-1.548329512815830231e-14
4.812671915420278876e-15
-2.590113644203069137e-14
-1.913709513906480558e-14
-3.726092345102424260e-15
-2.534007168519471107e-14
5.812894430500139852e-15
-8.009026352087093328e-14
-2.924434453283654404e-14
-2.789071125297540794e-14
-3.476117836137112629e-14
-9.205689213938554567e-15
-2.486487518145030848e-14
2.600516918782909092e-14
-3.425029760929889914e-14
3.905248899150261264e-14
4.775817813751465237e-14
-3.152079319681860935e-14
4.541540261723094821e-14
-8.276959664386567757e-14
5.752553165789535250e-14
-2.595920631722664106e-14
1.966944842267333409e-14
3.576215239003136145e-14
-4.719722966976756254e-14
3.486340240149274140e-14
5.016241454958555784e-14
-2.752376095297430421e-14
-3.820654251000840111e-14
-1.157743499213309483e-14
2.366771400872423032e-14
8.302969992699770527e-14
-4.728079617537586160e-14
-3.013883718851880418e-14
5.579075929739829287e-14
2.106689124283074533e-14
-8.451616983708602760e-15
4.135447577136691510e-14
0.000000000000000000e+00
0.000000000000000000e+00
-1.842865729425326709e-14
2.258209441153127061e-14
-2.899483443872966754e-15
1.569735260521863880e-14
2.916724327061318200e-15
1.172943918364423061e-14
-3.168113707778386493e-15
-2.329644310754245727e-16
-9.318577243016101356e-16
-7.920284269445683228e-16
-1.172943918364483645e-15
-8.750172981183361770e-15
-2.511576416834833208e-14
-2.899483443873015663e-15
-1.354925664691968060e-14
2.457154305900564038e-14
-3.522897681987499056e-14
-2.080233398804834689e-14
-4.135447577137090989e-14
1.690323396741875800e-14
-6.320067372848734506e-14
-4.463260743792203208e-14
2.009255812567921751e-14
-7.880132695895520446e-15
-7.265098743612864666e-14
2.366771400872609834e-14
-3.473230497640060346e-14
6.686144939252069255e-14
-1.376188047648737298e-14
-5.016241454958949584e-14
3.486340240149512692e-14
-7.866204944961016824e-14
-3.576215239003081241e-14
3.655399305046719344e-14
6.432348877184501207e-14
8.908846855712814252e-14
1.709108593173101144e-14
0.000000000000000000e+00
0.000000000000000000e+00
1.183385700436256639e-14
-1.209591695982731370e-14
4.243411888530346646e-14
1.610934467547288654e-14
1.026872239234804893e-14
0.000000000000000000e+00
2.691682047018756602e-14
-3.455500609900127657e-14
0.000000000000000000e+00
2.126296287513093806e-14
2.160547206388046994e-14
6.278941042087179262e-15
-4.616418736033557287e-15
-5.927404901798893107e-15
-3.208993881400171109e-15
1.490654873605222906e-15
5.994619188257570067e-15
-4.857392468756152700e-15
-2.381238577601860556e-16
-7.143715732805589556e-16
8.905219526053610575e-15
-1.198923837651574756e-15
-1.490654873605164925e-15
-3.208993881400290227e-15
-5.927404901798509721e-15
1.384925620810146940e-14
-2.511576416834748327e-14
-1.440364804258766574e-14
-4.252592575025997654e-14
1.811590697545974056e-14
2.591625457425119882e-14
5.383364094038048051e-15
-1.140526969713163085e-14
-3.080616717704446864e-14
8.054672337736511112e-15
-6.365117832796018845e-14
3.628775087948439762e-14
0.000000000000000000e+00
2.928936674363075232e-14
-2.813336905463530883e-14
-1.709108593173296781e-14
-5.345308113427853013e-14
-6.432348877185119674e-14
-1.096619791513855380e-13
9.617712942806017945e-14
2.820700373370626924e-14
-3.125341605282753115e-14
2.997892490146485468e-14
2.467396291083763319e-14
8.562574402324223070e-15
1.037871249087529060e-14
4.243411888530445096e-14
-1.860806445879964131e-14
3.532118313889170053e-14
3.602401671872574685e-14
-2.000563647409168864e-14
-9.442795123038389696e-15
1.515293322119511727e-14
5.296100128198719929e-15
1.243221552716160659e-14
1.263248820761528830e-14
-1.652056226443269617e-14
4.048748740002073520e-14
-1.039708883926878955e-14
8.443189651380467046e-15
-5.229414952405287983e-15
1.051499220915007820e-15
0.000000000000000000e+00
1.253057435903544085e-15
-8.353716239357024004e-16
1.420030496639283955e-15
2.102998441830146986e-15
1.568824485721621184e-14
-8.443189651380954562e-15
-2.599272209817161889e-15
-4.453623614002132250e-14
-1.101370817628771207e-14
6.316244103808507950e-15
-2.486443105432201411e-14
2.648050064099731203e-14
-1.515293322119575782e-14
2.832838536911664899e-14
1.000281823704632237e-14
0.000000000000000000e+00
-1.412847325555677172e-14
2.791209668820478993e-14
-7.425970804927181613e-14
-6.227227494525883075e-14
2.568772320697712943e-14
-6.168490727709407192e-14
-7.494731225366504286e-14
1.562670802641219101e-14
-5.641400746741751145e-14
-5.343173857115004583e-14
4.868279908361589377e-14
-4.283278626824671311e-14
-1.186483026821062120e-14
1.138095586580154126e-14
-3.746786550680788182e-14
2.600516918782888266e-14
7.880132695894516384e-14
2.416401701320870977e-14
7.064236627778445813e-15
0.000000000000000000e+00
0.000000000000000000e+00
2.278425723276535869e-14
-7.169548553920638877e-15
0.000000000000000000e+00
0.000000000000000000e+00
-3.303776098804423520e-14
2.397847675303047591e-14
4.181129498447200922e-15
0.000000000000000000e+00
-3.947042553518176728e-15
6.410608059147483352e-15
9.926294250115216136e-15
7.983591914948902793e-15
4.312733792634140155e-15
1.585663286223888520e-15
-3.488459229692329683e-15
-3.234550344475765649e-15
0.000000000000000000e+00
5.955776550069485774e-15
-2.136869353049206608e-15
7.894085107036809418e-15
9.222261118764926916e-15
-4.181129498447295585e-15
-1.918278140242495628e-14
2.359840070574597695e-14
-4.021106371097241858e-15
-1.150513445226176681e-14
-1.433909710784108212e-14
6.075801928738727345e-14
-2.051390726514793842e-14
-4.290862517444003431e-14
-7.064236627778859965e-15
-8.054672337736383317e-15
-7.880132695895974830e-15
2.600516918783385564e-14
2.810089913010617012e-14
-1.138095586580257624e-14
0.000000000000000000e+00
3.212458970118390676e-14
-1.622759969454127867e-14
7.240825522232028545e-14
0.000000000000000000e+00
1.512615114937368986e-14
0.000000000000000000e+00
3.582547216809397000e-14
-8.288291727150838046e-15
0.000000000000000000e+00
0.000000000000000000e+00
2.701801253904351812e-14
2.735187635352890270e-14
1.743503731822088821e-14
-4.841209675974203470e-15
2.285083565178852553e-14
2.200131858600200736e-14
2.050586404379355551e-14
5.415293284446792243e-14
-9.170887809352729975e-15
-7.995701727424744468e-15
1.175716873582837133e-14
1.509610021651056063e-14
5.448494303703906586e-15
-5.061905607961877123e-15
9.160377253957231261e-15
-2.749086521386895670e-15
-4.043069755935075473e-16
0.000000000000000000e+00
3.436358151733629942e-15
-1.017819694884145063e-14
2.530952803980830882e-15
-8.172741455556207767e-15
-7.548050108255619523e-15
-1.175716873582833031e-14
1.332616954570799580e-14
2.445570082494184599e-14
-5.415293284447017542e-14
-2.563233005474276007e-14
-7.333772862001185034e-15
-9.140334260715656966e-15
-2.904725805584400755e-14
-8.717518659110945819e-15
-4.786578361867730182e-14
9.006004179682761998e-15
5.134361196174605066e-14
-2.009255812567881992e-14
-2.486487518145356175e-14
-3.582547216809391320e-14
0.000000000000000000e+00
-4.537845344811798987e-14
-1.365176662178557047e-14
-6.206421876199169747e-14
5.744484337644722432e-14
3.032531622299501079e-14
-4.200090782619815740e-14
8.863374708473067654e-14
-3.979045937196011525e-14
1.841137842787655062e-14
1.115815185948099080e-14
1.140526969713074417e-14
-1.000281823704594845e-14
3.797376205460830848e-14
-1.452362902792230670e-14
3.763916001221076931e-14
6.598776588023602378e-14
2.850929659056698139e-14
1.138766191918305149e-14
3.341486495742679439e-15
-1.358123498151294124e-14
-1.184083560220633286e-14
1.305852218779100274e-14
-5.588954134101729091e-15
1.512884091192499826e-15
5.622173909684913661e-15
1.130465563925800628e-15
4.580054756814656849e-15
-6.735820162561285851e-16
-4.490546775040686643e-16
-5.343397216283822728e-15
3.391396691777386105e-15
-2.811086954842558988e-15
-1.512884091192560173e-15
2.794477067050930810e-15
-1.305852218779166380e-14
1.480104450275831406e-14
2.376716121764832914e-14
1.670743247871421722e-14
-1.708149287877587492e-14
8.145513311591656543e-15
-3.553187393551332653e-14
-2.688511429443855464e-14
-1.452362902792214577e-14
-1.518950482184417410e-14
-2.000563647409198210e-14
-2.281053939426166504e-14
0.000000000000000000e+00
-1.841137842787940314e-14
7.958091874392238882e-14
-7.251852034206450697e-14
2.520054469571859215e-14
-4.548797433449648258e-14
0.000000000000000000e+00
0.000000000000000000e+00
0.000000000000000000e+00
-7.136896070030084379e-14
-2.281948660161638722e-14
1.252090983417157870e-14
3.476117836137239478e-14
2.106689124283171090e-14
1.615009228211319910e-14
9.442795123038200369e-15
-1.433909710784172267e-14
3.199116991250235864e-14
2.537990995393817692e-14
6.229333964365938404e-14
7.689474261210541684e-15
-3.225031862571208272e-14
2.838967426395346607e-14
0.000000000000000000e+00
8.383431201152724982e-15
-1.232742080349776833e-14
-1.055209593730789498e-14
-9.997280691944496860e-15
-2.653703942086317584e-15
1.067174716248181757e-15
-7.206055616193870763e-16
4.239136629523995519e-16
-8.478273259047876653e-16
-7.206055616193673548e-16
0.000000000000000000e+00
-3.980555913129494915e-15
1.428182955992124651e-15
2.638023984327010428e-15
1.027285066958173131e-14
0.000000000000000000e+00
-3.205217180026932659e-15
-9.463224754651496144e-15
2.687526552142876455e-14
-2.691315991423739445e-14
-6.229333964365723834e-14
-1.015196398157620036e-14
-3.199116991250441599e-14
0.000000000000000000e+00
9.442795123039352106e-15
5.383364094038267354e-15
3.160033686425135288e-14
-4.345147295171517478e-14
0.000000000000000000e+00
2.281948660161676903e-14
5.550919165578563242e-14
-2.862750690346718034e-14
-2.169148230125341950e-14
-3.480844347700299892e-14
5.742399843593435226e-14
3.817545834210082651e-14
1.830935742317704130e-14
-2.009255812567740944e-14
2.091803343973182654e-14
1.690323396741535643e-14
8.638751524749186337e-15
1.515293322119605443e-14
-1.150513445226138184e-14
2.933509144800256288e-14
1.221826996738547480e-14
-3.844737130605318962e-15
1.850901380126398777e-14
0.000000000000000000e+00
-5.061905607961431417e-15
2.571725998597689706e-15
-6.726531096088788846e-15
0.000000000000000000e+00
-1.481651719436133833e-14
4.583646015085764337e-15
-1.064605291635415959e-15
8.562595330897910862e-16
-5.781798959721352622e-16
-1.360522709028750680e-15
1.700653386285881157e-16
1.734539687916430438e-15
-8.562595330897912834e-16
-1.064605291635394068e-15
-9.167292030171664358e-15
4.233290626960371110e-15
-9.890934379437723586e-15
6.726531096088787268e-15
5.143451997195587671e-15
0.000000000000000000e+00
4.312733792634480943e-15
0.000000000000000000e+00
1.537894852242192587e-14
4.072756655795519827e-15
-2.933509144800400807e-14
1.725770167839184478e-14
-7.576466610598764013e-15
8.638751524749640721e-15
0.000000000000000000e+00
-2.091803343973310134e-14
3.013883718851462637e-14
-3.051559570529556635e-14
-1.908772917104866514e-14
-1.033631971846805290e-13
4.351055434625164712e-14
2.433185561329022300e-14
-3.211199409067878705e-14
-2.668540102016497203e-14
-5.119422097178028519e-14
2.808988115341870010e-14
2.924434453283581828e-14
2.363112901221004082e-14
6.038635658485595161e-15
-2.118440051279826551e-14
2.010553185548521217e-14
3.075879606569049420e-14
1.138766191918273910e-14
-5.375053104285081273e-15
0.000000000000000000e+00
0.000000000000000000e+00
2.476860550170986863e-14
7.190722536466516640e-15
1.253847040495147512e-14
2.304661299203639813e-15
5.918242458497355711e-15
0.000000000000000000e+00
0.000000000000000000e+00
4.788276994911034955e-15
-3.233282121700629855e-15
-2.377562354134236884e-16
2.377562354134220121e-16
3.637442386913289593e-15
-3.591207746183220996e-15
-4.465081028899011470e-15
-4.806070910815873327e-15
2.959121229248774491e-15
-9.218645196814546630e-15
-6.269235202475746236e-15
3.595361268233408204e-15
-7.076744429060616430e-15
0.000000000000000000e+00
-4.312733792634239551e-15
-5.375053104285119927e-15
0.000000000000000000e+00
-3.588526207664006479e-14
-4.021106371096812087e-14
2.118440051279857790e-14
-1.207727131697140016e-14
2.953891126527038283e-14
0.000000000000000000e+00
-4.915729201848050296e-14
7.679133145768580110e-14
0.000000000000000000e+00
-1.605599704533970591e-14
-2.433185561329079098e-14
-2.141893558177810601e-14
2.826803001752220086e-14
4.176137772835814045e-14
5.007297460636116843e-14
-1.648489693788033535e-14
2.860366554316882154e-14
1.386822265869939701e-14
4.961358004196993897e-14
1.864832329074228209e-14
-2.359840070574575923e-14
4.813594030619400263e-14
2.004891897445586286e-14
6.308816503101069479e-15
1.518571682388371759e-14
1.415348885811997226e-14
-1.245911281552313874e-14
2.109969798163927312e-15
3.679178834103231771e-15
-1.352502756600192912e-14
1.736597183321107736e-15
-3.760647387233125356e-15
4.367274059669794386e-15
-4.917612725924019750e-15
-9.487351695524454768e-16
2.790596544051872966e-16
-5.581193088103726210e-16
9.487351695524608595e-16
3.512580518517141356e-15
-7.861093307405660029e-15
1.880323693616593444e-15
-1.736597183321173409e-15
1.352502756600228884e-14
-1.103753650230949573e-14
-2.109969798163980560e-15
1.245911281552386292e-14
0.000000000000000000e+00
-1.518571682388455063e-14
0.000000000000000000e+00
1.002445948722893328e-14
-3.610195522964832136e-14
1.887872056459559511e-14
-1.243221552716236547e-14
-3.543827145855206515e-14
1.386822265870165000e-14
-4.576586486907285971e-14
0.000000000000000000e+00
-8.011675937018197913e-14
-4.176137772835787539e-14
0.000000000000000000e+00
3.569822596962972546e-14
-1.450932718863790775e-14
-3.829775354023787204e-14
5.304264860663045326e-15
0.000000000000000000e+00
-2.512561557720713878e-14
4.650315544399555892e-14
2.818318145589885207e-14
2.880729608517334355e-14
1.894873231142345861e-14
4.795695350606306912e-15
3.668355123740849652e-14
1.697654372688993764e-14
-6.410434360053686247e-15
0.000000000000000000e+00
1.078608380469964874e-14
-1.476978858714772982e-14
-1.500770408070793062e-14
1.308453092178244332e-14
-1.236862484685750960e-14
1.058740577026510201e-14
2.865918635520920043e-15
-2.662576333446336315e-15
-7.138308341879481152e-16
4.820095612775714746e-16
8.506636369393777925e-16
-2.835545456464628469e-16
2.410047806387908649e-15
2.141492502563855488e-15
8.875254444821059912e-16
-4.776531059201587705e-15
-7.058270513510341213e-15
-1.374291649650848183e-15
-5.607656109335351557e-15
0.000000000000000000e+00
2.320966777980461447e-14
-7.190722536466860584e-15
-5.143451997195481964e-15
-3.205217180026935420e-15
-1.018592623613451069e-14
-6.113925206235399967e-15
-1.438708605181891285e-14
0.000000000000000000e+00
-7.201824021293854958e-15
-7.045795363975647028e-15
-4.069026101349972467e-14
2.512561557720640987e-14
1.017591255147964555e-14
1.591279458199031533e-14
4.787219192530445084e-14
2.901865437727548102e-14
6.325028442046853087e-15
8.347479111193748371e-15
-9.249108220796323187e-15
-1.774382566728911996e-14
2.190580030878674006e-14
2.027205734815428517e-14
-1.228577152950223643e-14
-1.883682312626318887e-14
-1.652056226443352921e-14
-2.090564749223690233e-14
0.000000000000000000e+00
-8.880626701654891248e-15
-2.794477067051026262e-15
-6.726531096088754136e-15
0.000000000000000000e+00
3.679178834103182862e-15
2.056140573422946881e-14
8.148403671543588357e-15
1.198186181940317336e-15
3.076881119972074926e-15
8.328878022497967030e-16
-2.321382632757200392e-15
1.244707571904942605e-15
4.202433572256777499e-16
1.236088899068680219e-15
-6.180444495343434620e-16
0.000000000000000000e+00
-6.223537859524744578e-16
7.737942109190555232e-16
0.000000000000000000e+00
1.538440559986087161e-15
1.198186181940358948e-15
-4.889042202926157905e-15
-1.121531221867092084e-14
-1.839589417051673078e-15
9.403852803714501695e-15
6.726531096089061792e-15
5.588954134102274983e-15
0.000000000000000000e+00
-5.330467818283110914e-15
4.181129498447256931e-15
5.506854088144790045e-15
1.883682312626327722e-14
0.000000000000000000e+00
-3.040808602223434496e-14
-2.920773374504863754e-14
2.217978208411330820e-14
-4.624554110398148972e-15
-2.504243733358275499e-14
-1.265005688409346478e-14
1.395082555362339389e-14
-1.841192244235681816e-14
2.040038540464528968e-14
1.304565988282649561e-14
-1.610574800435731957e-14
-2.608264641571611075e-14
1.354925664691865981e-14
9.232837472066874760e-15
2.024374370001161084e-14
-6.148174079176122277e-15
1.959528122638053159e-14
0.000000000000000000e+00
-2.054570133916303978e-14
-1.318791250591708837e-14
2.304661299203598792e-15
2.705005513200327607e-15
-2.748583299301636018e-15
4.792744727761214911e-15
1.233298268134099313e-14
1.131103891642702678e-14
0.000000000000000000e+00
-5.689089063072707186e-16
-4.575724593427602499e-16
-6.179410174927641271e-16
7.270430277882470374e-16
-6.361626493147231219e-16
-6.179410174927677756e-16
2.745434756056558147e-15
-5.689089063072661827e-16
0.000000000000000000e+00
-1.017993502478463192e-14
-1.057112801257830808e-14
-2.396372363880607456e-15
-5.497166598603275979e-15
-5.410011026400780642e-15
6.913983897611410899e-15
0.000000000000000000e+00
2.465484160699675467e-14
-1.741136291705530141e-14
-1.959528122638138987e-14
6.148174079176242972e-15
-1.619499496001166725e-14
-4.616418736033765546e-15
-1.806567552922675514e-14
1.863046172551346315e-14
1.073716533623828142e-14
0.000000000000000000e+00
6.800128468215598012e-15
-6.137307480785658120e-15
-2.325137592270313633e-14
-1.791273608405232717e-14
-1.182019904384471324e-14
3.929077222891329407e-14
0.000000000000000000e+00
1.723280874616707977e-14
-9.568547569531956294e-15
0.000000000000000000e+00
-8.891107352698396459e-15
-1.039708883926967308e-14
-7.894085107036891459e-15
1.258008351375861225e-14
-1.117790826820316946e-14
-7.914071952981028128e-15
-2.116645313480283058e-14
1.627516676086734028e-14
3.473194366642225333e-15
1.764567628377506062e-14
1.538440559986043380e-15
1.131103891642723425e-15
-4.356925820100813606e-15
2.358771905300015162e-15
4.382832934446685595e-15
3.525062130809138717e-15
1.586861554437945115e-15
0.000000000000000000e+00
2.333769134090462027e-16
0.000000000000000000e+00
-2.350041420539429755e-15
-5.843777245928861010e-15
0.000000000000000000e+00
-1.452308606700294210e-15
-5.655519458213727962e-15
-1.538440559986042788e-15
-1.411654102702052308e-14
-5.209791549963544681e-15
-5.918242458497690977e-15
1.481651719436232283e-14
7.914071952981195366e-15
1.117790826820416658e-14
-1.006406681100761208e-14
0.000000000000000000e+00
1.039708883927023159e-14
8.891107352698473767e-15
-5.798966887746908539e-15
4.784273784766352067e-15
3.446561749233936208e-15
-2.512561557720749219e-14
-8.731282717537003155e-15
1.576026539179413638e-14
5.970912028016900967e-15
1.939522905610352764e-14
-2.133092540491258684e-14
-2.363478117886307476e-14
0.000000000000000000e+00
7.463659800191295134e-15
2.590113644203086334e-15
6.278941042087211605e-15
-1.925396328840113158e-14
8.443189651380803101e-15
2.136869353049173476e-15
5.448494303703878187e-15
7.564420455962466982e-15
-7.140914779960370226e-15
9.167292030171613871e-15
8.010118184692817974e-15
-9.401618468082768425e-15
-6.687143482882295993e-15
1.665775604499603464e-15
1.224715705896089875e-15
1.572514603533348569e-15
-6.810656366154868679e-15
3.559177982214516318e-15
1.908415511813009018e-15
4.295483278521976045e-16
-1.263464365877866136e-16
1.263464365877872299e-16
8.590966557044066476e-16
-3.180692519688344683e-15
-3.163713761968456846e-15
5.107992274616223887e-15
7.862573017666961753e-16
2.449431411792279935e-15
-4.997326813498738605e-15
4.776531059201814108e-15
9.401618468083225965e-15
-1.121416545857021622e-14
-4.583646015086058582e-15
9.997280691944621500e-15
-6.051536364770248582e-15
-2.724247151852113037e-15
-4.273738706098200224e-15
5.628793100921477037e-15
2.567195105120445490e-14
-9.418411563131425620e-15
5.180227288406574198e-15
-1.492731960038208855e-14
-1.360257110649073123e-14
1.418086870731750912e-14
8.532370161965458198e-15
-6.465076352034818974e-15
3.603814678122767530e-14
-1.189050000989209826e-14
-1.756626344263607828e-14
2.106240529259262753e-15
1.040116699402353131e-14
2.406335957710200969e-15
5.833448654122709763e-15
4.471964620815622373e-15
2.614707476202639653e-15
1.389681195016107824e-14
-1.265476401990474408e-14
8.433260864527228497e-15
1.326851971043136901e-15
1.064605291635384404e-15
1.488360342966356747e-15
2.620364435801902980e-15
-2.662576333446346175e-15
-5.416559476433493482e-15
-2.844544531536364045e-15
2.921888622964458904e-15
1.581856880984237100e-15
1.469619841708288185e-15
2.955022947426883939e-15
-7.981409058893231532e-16
-5.869101634262998275e-17
2.347640653705208185e-16
3.990704529446631050e-16
-3.841529831654934684e-15
-7.348099208541440927e-16
-1.581856880984265894e-15
-5.113305090187903070e-15
3.982362344151057733e-15
7.737942109190770788e-15
2.662576333446413229e-15
-1.746909623868027682e-15
5.953441371865860860e-15
-2.129210583270851639e-15
6.634259855216167486e-15
-5.622173909685125865e-15
1.645119322587716680e-14
-2.183784735025272514e-14
2.614707476202818330e-15
-1.490654873605297059e-15
-5.833448654123159414e-15
-4.812671915420714327e-15
-1.040116699402386106e-14
8.424962117038079687e-15
3.513252688527558336e-14
-7.927000006595410070e-15
-2.102225228904987537e-14
-9.661798909189132571e-15
-7.969481304880983807e-15
-3.532118313889405922e-15
-6.776141206313235168e-15
0.000000000000000000e+00
5.806235673059756614e-15
1.172943918364413279e-14
3.596771512954765288e-15
4.205996883660217452e-15
3.193436765979695697e-15
8.142557559072884091e-15
-1.130465563925813052e-15
-4.268698864992828002e-15
4.281297665448988859e-15
1.197069248727736453e-15
-5.620128829627493065e-15
7.138308341879414098e-16
5.601184073572198925e-15
-2.287862296713827578e-15
3.525062130809140294e-15
1.590346259844177469e-15
8.865068842280657339e-16
-4.753374565999982698e-16
1.604857135283536314e-16
1.888185572427289832e-16
-4.720463931068240604e-17
3.209714270567101225e-16
4.753374565999976782e-16
-2.955022947426884136e-16
-2.226484763781890463e-15
-2.937551775674349317e-15
2.287862296713893448e-15
-1.867061357857408977e-15
0.000000000000000000e+00
7.727677140738093660e-15
1.197069248727813565e-15
-8.562595330898551811e-16
5.335873581241029481e-15
1.130465563925841451e-15
-9.160377253957163419e-15
-1.596718382989900308e-15
-1.051499220915170917e-15
-7.193543025909860320e-15
-7.037663510187233982e-15
-7.741647564080279227e-15
-5.577026006579590380e-15
6.776141206314278830e-15
1.766059156944651291e-15
9.563377565859852914e-15
-4.830899454594606518e-15
6.524024168303265008e-15
-5.381389057001503250e-15
4.770061283636486085e-15
2.287772321943642509e-15
3.765877520537756246e-15
3.920593456134869736e-15
-4.752170561667906722e-15
1.619130822918648870e-15
-6.390137234876913089e-15
3.234550344475665070e-15
4.123629782080191058e-15
5.343397216283800640e-15
7.206055616193911193e-16
-1.156359791944276046e-15
-2.424961591275507200e-15
4.269308262985879808e-15
0.000000000000000000e+00
4.202433572256708967e-16
-6.179410174927588023e-16
7.934307772189708809e-16
4.295483278521981469e-16
-3.990704529446613301e-16
0.000000000000000000e+00
5.418311246007734361e-16
-2.549979875168331770e-16
1.912484906376254497e-16
-2.167324498403110853e-16
3.209714270567069177e-16
-1.995352264723297776e-16
-1.503419147482717081e-15
7.934307772189922788e-16
0.000000000000000000e+00
1.260730071677007119e-15
-4.820095612775901114e-16
-4.269308262986103845e-15
2.020801326063043888e-15
5.781798959721745080e-16
-1.441211123238815568e-15
-4.580054756814869053e-15
-2.061814891040251723e-15
-1.078183448158615108e-15
0.000000000000000000e+00
-8.095654114593527354e-16
-7.920284269446916809e-16
-6.534322426891591818e-15
-1.882938760268940048e-15
1.143886160971983562e-15
-2.385030641818243437e-15
6.457666868402493207e-15
-1.631006042075754326e-15
0.000000000000000000e+00
3.482293547821886589e-15
1.403059247746854597e-15
3.364602558773476320e-16
8.307613883154039651e-16
-7.688004886077878042e-16
-1.164822155377122124e-15
-4.762477155203680682e-16
4.176858119678538133e-16
9.513979717343325995e-16
2.021534877967481530e-16
0.000000000000000000e+00
2.119568314761905759e-15
3.401306772571877192e-16
-2.377562354134255127e-16
8.371789632155505005e-16
0.000000000000000000e+00
8.652622293480758572e-16
2.726411354205948207e-16
0.000000000000000000e+00
1.895196548816787618e-16
5.869101634262978554e-17
9.440927862136446695e-17
-3.187474843960414713e-17
0.000000000000000000e+00
3.750218451368248090e-17
6.374949687920884892e-17
-1.416139179320466758e-16
-1.173820326852592999e-16
-1.895196548816823116e-16
1.166884567045250735e-16
-1.817607569470689577e-16
-1.112480009161811112e-15
-4.253318184697092094e-16
-5.581193088103946105e-16
0.000000000000000000e+00
-3.401306772572049263e-16
-8.478273259047845099e-16
-1.796218710016279390e-15
4.043069755935244092e-16
0.000000000000000000e+00
-8.353716239358091924e-16
9.524954310407736074e-16
1.397786586452615574e-15
3.844002443039466572e-16
-1.384602313858955135e-15
2.018761535264533274e-15
-1.403059247746888518e-15
-4.432009969955617121e-15
4.797427181112777500e-16
-1.439228154333658517e-15
-2.849149266400538025e-15
7.015296238734968167e-16
-3.364602558774108888e-16
0.000000000000000000e+00
1.537600977215721548e-15
-1.863715448603100759e-15
-4.762477155203805914e-16
-6.265287179517407838e-16
-1.902795943468647055e-15
8.086139511870323509e-16
1.347164032512310221e-15
0.000000000000000000e+00
5.101960158857704115e-16
2.377562354134287667e-16
0.000000000000000000e+00
-8.506636369393765106e-16
-6.180444495343422787e-16
-9.996841632088470843e-16
0.000000000000000000e+00
-5.053857463511475391e-16
5.869101634263004438e-17
0.000000000000000000e+00
1.274989937584170322e-16
9.375546128420627929e-18
2.812663838526195312e-17
-1.912484906376270521e-16
1.416139179320470455e-16
-2.347640653705191915e-16
6.317321829389441120e-16
-5.834422835226292378e-16
9.088037847353405237e-16
3.708266697206042135e-16
1.134218182585886492e-15
1.395298272025998359e-16
-7.132687062403350616e-16
1.700653386285977793e-16
-6.358704944285984897e-16
-1.122636693760287771e-15
-4.043069755935273674e-16
2.219928600713370880e-15
6.265287179518574366e-16
-2.381238577601918734e-16
9.318577243016856690e-16
-3.844002443039525736e-16
2.769204627718444132e-16
0.000000000000000000e+00
-2.104588871620438583e-15
6.331442814224248658e-16
0.000000000000000000e+00
-3.262012084151738211e-15
-2.152555622800091775e-15
0.000000000000000000e+00
3.431658482914947651e-15
-4.707346900671995922e-15
3.920593456136003329e-15
-6.336227415556195539e-15
6.476523291675347265e-15
-5.680121986556783201e-15
-1.078183448158588878e-15
4.810901412427253101e-15
-5.343397216283890570e-15
-5.044238931335412430e-15
-5.781798959721287541e-16
0.000000000000000000e+00
2.371837923881172265e-15
-9.640191225551587264e-16
-4.202433572256787853e-16
1.544852543731928166e-15
-1.586861554437956356e-15
0.000000000000000000e+00
-1.795817038250981581e-15
-1.604857135283550119e-16
-6.501973495209329354e-16
-3.187474843960442446e-17
-1.274989937584180676e-16
7.585635744410942096e-16
1.604857135283547654e-16
1.795817038250978426e-15
1.073870819630519723e-15
1.586861554437990474e-15
-2.162793561224764474e-15
0.000000000000000000e+00
1.928038245110385689e-15
-1.897470339104991928e-15
4.041602652125992916e-16
2.890899479860784779e-15
2.882422246477517145e-15
6.870082135222459774e-15
-2.749086521387077897e-15
4.312733792634189064e-15
4.260091489917983606e-15
-4.047827057297171518e-15
6.336227415556349367e-15
-2.613728970757332660e-15
0.000000000000000000e+00
1.143886160971765442e-15
-1.192515320909178714e-15
2.152555622800201821e-15
1.631006042075991576e-15
-4.830899454593751392e-15
4.781688782929103675e-15
-5.298177470833149234e-15
-3.388070603156262596e-15
5.577026006580178081e-15
-1.354788323713942842e-14
-2.345887836728901421e-15
-1.198923837651575150e-15
1.051499220915007623e-15
1.596718382989715123e-15
-6.106918169305017267e-15
-2.260931127851513691e-15
-4.268698864992504569e-15
3.425038132359140679e-15
-2.394138497455519055e-15
2.107548311110294122e-15
-1.427661668375871973e-15
1.244707571904957199e-15
4.575724593427586722e-16
0.000000000000000000e+00
-2.544554015750672906e-15
-1.773013768456128707e-15
-1.426012369799989879e-15
0.000000000000000000e+00
-1.416139179320467004e-16
0.000000000000000000e+00
0.000000000000000000e+00
1.663681098099986549e-15
2.955022947426865006e-15
3.498761771657226522e-15
-5.875103551348752868e-16
0.000000000000000000e+00
-6.223537859524808673e-16
2.855323336751841370e-15
-2.107548311110339087e-15
3.591207746183523130e-15
-3.425038132359447151e-15
5.335873581240842521e-15
0.000000000000000000e+00
1.017819694884251323e-15
-3.193436765979401452e-15
-6.308995325490901651e-15
1.198923837651580081e-15
0.000000000000000000e+00
1.548329512815924894e-14
1.394256501644978256e-15
1.694035301578121398e-14
5.298177470833465568e-15
1.434506634878580746e-14
4.830899454593601509e-15
-1.801907339061298884e-14
3.963500003296806523e-15
8.783131721317344940e-15
8.424962117036726002e-15
-3.467055664674500577e-15
7.219007873130875459e-15
-5.833448654122155194e-15
1.490654873605184844e-15
1.568824485721621184e-14
1.389681195016228993e-14
-6.327382009951527172e-15
-4.216630432263703390e-15
-7.961111826258573311e-15
0.000000000000000000e+00
4.465081028898964927e-15
-6.114183683537753634e-15
-2.662576333446269656e-15
2.321382632757172387e-15
-3.982362344150818708e-15
-2.921888622964457721e-15
-3.559177982214491863e-15
-7.348099208541423177e-16
-5.910045894853767286e-16
-1.596281811778634868e-15
1.173820326852594232e-16
-2.934550817131492482e-16
1.795817038250979609e-15
8.865068842280636631e-16
1.469619841708281086e-15
2.768249541722436817e-15
7.304721557411335601e-16
3.982362344150967803e-15
-5.416559476433441417e-15
6.212678111374771718e-15
8.734548119340026984e-16
-2.976720685932833006e-15
4.258421166541746666e-15
-1.326851971043170822e-15
1.405543477421262731e-15
5.061905607961682275e-15
-9.926294250115634233e-15
-2.091765980962410858e-14
-1.490654873605226653e-15
8.750172981184221628e-15
-1.203167978855199447e-14
0.000000000000000000e+00
4.212481058518850517e-15
0.000000000000000000e+00
-3.963500003297430512e-15
0.000000000000000000e+00
-1.293015270406740547e-14
0.000000000000000000e+00
-9.453912471545625597e-15
-1.360257110648993132e-14
-1.865914950047648577e-14
-3.885170466304557636e-14
-2.197629364730445412e-14
6.417987762801188667e-15
0.000000000000000000e+00
-6.410608059147574860e-15
1.362123575926068075e-14
4.538652273577887399e-15
-1.428182955992072783e-15
-6.875469022628876459e-15
-3.204047273877229032e-15
1.880323693616639198e-15
-2.865918635520978813e-15
8.328878022498037041e-16
1.224715705896123204e-15
-3.145029207066741314e-15
0.000000000000000000e+00
1.581856880984267471e-15
-2.544554015750719055e-15
-6.443224917783080672e-16
-2.526928731755759882e-16
8.212518378206222082e-16
1.073870819630522484e-15
2.544554015750714321e-15
0.000000000000000000e+00
-1.702664091538764896e-15
-7.862573017667099803e-16
-3.674147117688479461e-15
-3.331551208999255443e-15
0.000000000000000000e+00
-9.401618468083574641e-15
0.000000000000000000e+00
-2.291823007543105022e-15
-2.856365911984275334e-15
-3.025768182385444174e-15
0.000000000000000000e+00
1.282121611829544002e-14
1.407198275230168770e-14
-1.604496940700330062e-14
3.139470521043671673e-15
1.554068186522072208e-14
2.239097940057352410e-14
0.000000000000000000e+00
4.726956235772824631e-15
4.266185080982530306e-15
0.000000000000000000e+00
-1.791273608404866685e-14
-1.970033173973746479e-14
0.000000000000000000e+00
4.187602596201366501e-15
-2.412593224463780234e-14
-2.392136892383088549e-14
-2.029638410710900023e-14
-1.185480980359636942e-14
-1.819490546871937710e-14
-1.578817021407306032e-14
-1.761211691926190158e-14
1.956133946935815216e-14
5.276047968654080809e-15
-8.466581253920595492e-15
1.331604553161980352e-14
-1.562937464989013627e-14
1.764567628377585698e-15
-3.076881119972175900e-15
-1.244214280806993599e-14
-1.452308606700283363e-15
-3.931286508833440250e-15
-1.460944311482273628e-15
-1.762531065404623790e-15
-3.967153886094938714e-16
4.667538268181023647e-16
-2.333769134090514289e-16
1.190146165828489454e-15
5.875103551348743008e-16
2.191416467223398018e-15
2.358771905300119686e-15
-4.356925820100992677e-15
1.244214280807031937e-14
1.076908391990237564e-14
0.000000000000000000e+00
1.736597183321194550e-14
-4.438681843873506074e-15
0.000000000000000000e+00
7.914071952981015506e-15
-1.956133946935845193e-14
5.032033405503935412e-15
0.000000000000000000e+00
1.039708883926925498e-14
0.000000000000000000e+00
1.159793377549247759e-14
9.568547569532464320e-15
2.412593224463784968e-14
-4.187602596201719122e-15
-8.731282717536304224e-15
2.364039808768817062e-14
-5.970912028016953032e-15
1.395082555362351537e-14
-6.137307480785937376e-15
6.800128468215231981e-15
0.000000000000000000e+00
0.000000000000000000e+00
-1.490436938040939412e-14
-1.354925664691852413e-14
-4.616418736033682716e-15
-4.453623614002401725e-14
1.229634815835337894e-14
-1.959528122638122578e-14
-1.305852218779116051e-14
-6.163710401748854979e-15
-6.593956252958528408e-15
-6.913983897611003058e-15
0.000000000000000000e+00
-4.122874948952515557e-15
-2.396372363880680820e-15
-1.761854668763075538e-15
-4.524415566571010453e-15
0.000000000000000000e+00
1.137817812614582261e-15
-1.372717378028316939e-15
1.235882034985562175e-15
-3.635215138941350558e-16
5.452822708412034465e-16
-1.544852543731966623e-15
-9.151449186855461378e-16
2.275635625229130206e-15
-2.449431411792319378e-15
9.048831133142148701e-15
5.285564006289333110e-15
8.387303273582260596e-15
-4.122874948952689107e-15
0.000000000000000000e+00
9.218645196815341802e-15
0.000000000000000000e+00
4.109140267832749321e-15
4.352840729264088043e-15
2.351433747165804902e-14
-3.074087039588429615e-14
2.834124118001903008e-14
4.616418736033894919e-15
-1.354925664692084969e-14
1.863046172551407846e-14
1.073716533623852596e-14
0.000000000000000000e+00
-2.040038540464577246e-14
2.454922992314406821e-14
-4.650275184540992193e-15
-2.530011376818701792e-14
1.669495822238849071e-14
9.249108220795999754e-15
8.871912833646312828e-15
0.000000000000000000e+00
-3.040808602223539257e-14
6.142885764750592047e-15
-6.278941042087422231e-15
-2.202741635257451221e-14
-1.254338849534182996e-14
0.000000000000000000e+00
-1.184083560220655848e-14
-1.956133946935641667e-14
2.242177032029557891e-15
-1.253847040495142779e-14
-9.197947085258059312e-15
-3.738437406223614510e-15
-4.889042202926202870e-15
-1.318004800134294697e-14
-7.692202799930139392e-15
1.665775604499595575e-15
8.511736320109815365e-15
0.000000000000000000e+00
-1.260730071677011457e-15
-3.708266697206051503e-16
1.236088899068685396e-16
1.680973428902689700e-15
2.489415143809885604e-15
-5.416559476433438262e-15
8.328878022498028166e-16
7.692202799930298742e-15
1.078367563746276787e-14
6.518722937234902713e-15
5.607656109335604781e-15
9.197947085258378012e-15
1.253847040495216458e-14
-1.345306219217831607e-14
1.676686240230541841e-14
2.072146230386201139e-14
1.332616954570777650e-14
-4.181129498447395771e-15
1.101370817628846780e-14
6.278941042087669145e-15
-1.228577152950238001e-14
4.561212903335275753e-14
7.301933436261845419e-15
-3.992360775141631211e-14
-9.249108220795793073e-15
-8.347479111194884330e-15
-1.897508532614533660e-14
-2.176399078295679378e-14
-9.574438385058104858e-15
-6.365117832794678413e-14
3.052773765443535995e-14
-1.675041038480347807e-14
4.650315544400783991e-14
-2.818318145590203276e-14
-1.440364804258788978e-14
-6.316244103808247626e-15
-1.918278140242534755e-14
3.668355123741360203e-14
1.018592623613485463e-14
0.000000000000000000e+00
-1.285862999298857317e-14
-3.595361268233444491e-15
-1.476978858714743636e-14
4.287915451630919926e-15
-9.346093515559158549e-15
-1.099433319720648885e-14
-3.529135256755139052e-15
9.553062118403472416e-16
8.875254444821322208e-16
7.138308341879715838e-16
-1.446028683832785421e-15
-1.417772728232366990e-16
2.835545456464765534e-16
1.928038245110388056e-15
3.569154170939804769e-15
-1.775050888964275091e-15
-1.050836833024420561e-14
-3.529135256755265270e-15
4.122874948952597599e-15
1.121531221867116696e-14
-1.286374635489314080e-14
1.265981878898425728e-14
3.595361268233580175e-15
2.571725998597894021e-15
1.282086872010761073e-14
-3.395308745378453035e-15
-2.751266342806003270e-14
1.918278140242489633e-14
1.894873231142598612e-14
0.000000000000000000e+00
1.409159072795229749e-14
-3.487736658300864252e-14
8.375205192401533933e-15
-5.087956275739830190e-14
3.712985402463740374e-14
0.000000000000000000e+00
-7.254663594320914982e-15
-7.139645193925159701e-15
9.422676672508896491e-15
-2.610086108022494850e-14
5.007297460636155181e-15
8.242448468940604705e-15
-6.292806419497740905e-14
2.773644531740163077e-14
0.000000000000000000e+00
2.486443105432535888e-14
3.775744112919338642e-14
-2.406797015309856326e-14
3.007337846168655214e-14
-2.523526601240407281e-14
5.061905607961628632e-15
-3.538372214530213157e-15
4.153037605174547871e-15
4.219939596328017130e-15
-2.023548358756776330e-14
-2.705005513200391110e-15
-1.215618028324810026e-14
1.128194216170003713e-14
-8.734548119340177854e-16
1.405032207406914879e-15
-4.743675847762221467e-15
-6.976491360129904528e-16
6.976491360130011024e-16
2.371837923881150177e-15
-3.512580518517266785e-15
5.240728871604017374e-15
-5.640971080850071421e-15
1.910256901653300374e-14
8.115016539601422215e-15
2.023548358756791476e-14
-1.687975838531318555e-14
1.245911281552380927e-14
3.538372214530466382e-15
-2.024762243184851824e-14
2.838967426395500908e-14
0.000000000000000000e+00
0.000000000000000000e+00
-3.303776098804385655e-14
-3.729664658149231395e-14
-7.087654291711286930e-15
0.000000000000000000e+00
8.581099662951979954e-14
2.472734540682040363e-14
0.000000000000000000e+00
3.654120551231471396e-14
1.884535334502094843e-14
2.141893558177341387e-14
4.866371122659754850e-14
-4.816799113600730060e-14
-1.779026734677477369e-14
1.706474032392974888e-14
-3.511235144177546798e-14
1.949622968855973654e-14
-5.907782253053454471e-15
3.019317829243437662e-14
2.648050064099775694e-14
2.412663822658468177e-14
-2.050586404379488395e-14
-2.277532383836734623e-14
2.150021241714257492e-14
8.625467585269001328e-15
-6.029294625757182378e-15
1.415348885812130701e-14
0.000000000000000000e+00
6.269235202476282662e-15
9.218645196815365468e-15
1.627516676086888961e-14
-1.602023636938586314e-14
4.465081028899377501e-15
3.591207746183515241e-15
-1.616641060850385334e-15
7.132687062403367380e-16
-4.755124708268959904e-16
8.083205304252043025e-16
-3.591207746183546795e-15
-7.441801714832191180e-15
1.441821273244748982e-14
-1.331604553162019795e-14
0.000000000000000000e+00
0.000000000000000000e+00
-3.595361268233594375e-15
1.415348885812143954e-14
1.808788387727192737e-14
-2.156366896317401083e-14
-1.612515931285699746e-14
5.693830959592156836e-15
2.563233005474401910e-14
-4.021106371097187427e-15
-4.236880102560021657e-14
-4.830908526789733258e-14
4.726225802442913776e-14
-1.949622968856210944e-14
2.808988115342101304e-14
-3.412948064786586545e-14
2.668540102016101826e-14
2.408399556800767034e-14
-4.866371122659515036e-14
4.351055434626424365e-14
-2.296959937437576733e-14
-1.272515278070224240e-14
-5.492807226953989289e-14
1.004627906283818723e-14
-1.394535562648759826e-14
-8.451616983708757377e-15
1.727750304950087494e-14
2.272939983179587710e-14
0.000000000000000000e+00
-2.200131858600251223e-14
-8.145513311591692831e-15
1.153421139181664398e-14
1.233934253417715358e-14
1.293820137790319513e-14
-1.012381121592317207e-14
-5.143451997195467765e-15
6.726531096089144622e-15
1.318791250591789932e-14
0.000000000000000000e+00
-6.875469022629018453e-15
-9.581447624718454709e-15
8.562595330898429538e-16
0.000000000000000000e+00
-8.503266931430174433e-16
1.020392031771604918e-15
0.000000000000000000e+00
-8.562595330898737193e-16
8.516842333083053147e-15
2.291823007543123954e-15
-1.481651719436287818e-14
-6.593956252958996991e-15
-6.726531096089044437e-15
1.543035599158685452e-14
5.061905607961796660e-15
-8.625467585269321606e-15
-6.169671267088826069e-15
-3.844737130605601375e-15
-4.072756655795975789e-15
-7.333772862001809812e-15
1.150513445226198138e-14
-3.030586644239887414e-14
-6.047126067325800372e-14
8.451616983709271714e-15
-2.789071125297901777e-14
-1.004627906283829609e-14
6.103119141059847856e-14
0.000000000000000000e+00
2.296959937438007136e-14
-4.351055434626182027e-14
-6.507444690376037840e-14
1.431375345173173477e-14
-3.171953808901784514e-14
-4.563897320323090642e-14
0.000000000000000000e+00
-8.690294590342005334e-15
-4.213378248566347860e-14
2.691682047019055422e-14
4.721397561519201474e-14
-1.433909710784141028e-14
9.140334260716150793e-15
-3.553187393551430471e-14
-1.916718142881918224e-14
2.691315991423881125e-14
5.375053104285245356e-15
-1.261763300620206638e-14
6.410434360053893717e-15
-8.383431201152851199e-15
0.000000000000000000e+00
-2.638023984326997806e-15
1.571001251591334493e-14
-7.961111826258669552e-15
-2.134349432496369036e-15
-1.441211123238806693e-15
-8.478273259047784948e-16
6.358704944285707810e-16
2.882422246477570393e-15
2.134349432496387180e-15
-2.653703942086324684e-15
-1.428182955992085799e-15
0.000000000000000000e+00
8.218280535665391356e-15
5.588954134102015447e-15
9.615651540080812176e-15
9.463224754652024681e-15
0.000000000000000000e+00
-1.922368565302847782e-14
1.916718142881910651e-14
5.075981990787890345e-14
-4.570167130358370430e-15
-7.169548553920318599e-15
-3.777118049215729483e-14
1.615009228211428457e-14
0.000000000000000000e+00
3.476117836136552222e-14
-3.756272950251859048e-14
-3.042598213549120263e-14
2.378965356676297838e-14
-4.294126035520022777e-14
4.338296460251025318e-14
-3.446690602587232686e-14
-9.097594866899403801e-14
-1.680036313047881426e-14
0.000000000000000000e+00
2.652697291464222779e-14
9.205689213939103614e-15
-3.347445557844233185e-14
2.281053939426620572e-14
1.000281823704583801e-14
3.037900964369017836e-14
-3.872967740778938053e-14
-5.377022858887805750e-15
3.553187393551903788e-14
-8.145513311591074364e-15
-5.693830959591562823e-15
2.339040547020093215e-14
-1.018592623613477101e-14
-1.184083560220707281e-14
-1.958778328168690958e-14
1.956133946935824998e-14
-1.512884091192586482e-14
-5.622173909684919972e-15
2.260931127851719979e-15
-5.343397216284118551e-15
4.490546775040799055e-16
-2.245273387520436013e-16
6.106739675753257608e-15
2.260931127851662392e-15
2.811086954842527434e-15
1.210307272954109670e-14
-1.676686240230714759e-14
1.523494255242324516e-14
8.880626701655684842e-15
-6.790617490756831129e-15
-2.004891897445791074e-14
1.708149287877583705e-14
3.258205324636550915e-14
2.537990995394042360e-14
5.377022858887798650e-15
4.357088708376644678e-14
7.594752410922172247e-15
-1.000281823704631764e-14
-2.281053939426668220e-14
2.231630371896371394e-14
-9.205689213939761524e-15
-1.326348645732083937e-14
-4.028806685671170795e-14
8.400181565239170469e-15
6.065063244600735128e-14
-5.744484337646633369e-14
-2.068807292066712507e-14
4.095529986535491438e-14
3.025230229875212551e-14
0.000000000000000000e+00
4.776729622413597136e-14
-3.315316690859863795e-14
6.027767437704289688e-14
-5.134361196173622461e-14
0.000000000000000000e+00
-2.051390726514763865e-14
2.615255597733431736e-14
-1.936483870389580414e-14
-2.742100278214650074e-14
-2.933509144800272696e-14
-6.664405814232609088e-14
-1.805097761482440681e-14
6.113925206235360524e-15
-1.066093563656617923e-14
-1.175716873582988910e-14
5.032033405503796573e-15
1.906973006296517583e-14
6.327382009952371253e-15
-3.053459084652706637e-15
-3.436358151733712772e-15
6.064604633902824969e-16
-2.021534877967595175e-16
6.872716303467652342e-16
1.017819694884226474e-15
-3.796429205971336451e-15
-1.362123575926124085e-14
0.000000000000000000e+00
1.175716873582994748e-14
1.332616954570735998e-14
-9.170887809353403662e-15
1.203398507654998845e-14
7.177052415327928392e-14
7.333772862001495845e-15
1.371050139107423171e-14
2.904725805584369201e-14
-8.717518659111368648e-15
3.418984544191248917e-14
2.701801253904910325e-14
1.026872239234864689e-14
-3.013883718852252129e-14
1.657658345430079257e-14
-4.776729622413291058e-14
5.803730875455654086e-14
-3.025230229875038370e-14
-4.095529986536043640e-14
2.068807292066768990e-14
-6.491039877816534188e-14
-4.283278626823935462e-14
-3.559449080462478436e-14
-1.593333821211727187e-13
2.810089913010422005e-14
2.600516918782817584e-14
0.000000000000000000e+00
4.832803402641823364e-14
-1.412847325555655242e-14
-1.072715629360988709e-14
-2.051390726514742092e-14
1.518950482184454329e-14
-1.433909710784070977e-14
1.725770167839269991e-14
-2.412663822658160206e-14
4.719680141148790705e-15
-2.877417210363708101e-14
1.254338849534239320e-14
1.229634815835232344e-14
-7.894085107036779441e-15
1.068434676524639197e-14
-5.955776550069284614e-15
1.596718382989769357e-15
0.000000000000000000e+00
-3.171326572447808694e-16
0.000000000000000000e+00
1.078183448158597359e-15
-1.596718382989776654e-15
-3.970517700046258111e-15
-1.068434676524670752e-14
-3.947042553518388932e-15
-2.459269631670682098e-14
-1.254338849534204768e-14
9.591390701213046119e-15
-1.887872056459586964e-14
3.618995733987358007e-14
-3.451540335678743192e-14
-7.169548553920539480e-15
1.518950482184458746e-14
6.154172179544113628e-14
4.290862517443757938e-14
1.412847325555729868e-14
-4.832803402642216532e-14
-7.880132695895525179e-15
5.201033837565694490e-14
0.000000000000000000e+00
1.593333821211975079e-13
1.186483026820917127e-14
3.212458970118280236e-14
3.245519938908022232e-14
0.000000000000000000e+00
-1.410350186685419485e-14
-4.688012407924342665e-14
-4.496838735219891338e-14
2.467396291084112626e-14
-3.425029760929827436e-14
3.113613747263214168e-14
-2.121705944265412821e-14
9.304032229400939259e-15
-2.119270988333577447e-14
-9.006004179683110674e-15
-7.001972765931173737e-14
-9.442795123038921388e-15
3.788233305299987378e-14
3.177660076919859575e-14
1.243221552716341466e-14
-3.789746462284836242e-14
0.000000000000000000e+00
-1.214624622000948644e-14
2.599272209817554348e-15
1.407198275230422626e-14
1.045882990481187128e-14
0.000000000000000000e+00
-2.840060993278787609e-15
-6.265287179518432372e-16
2.088429059839493645e-16
1.420030496639345289e-15
-5.257496104575939782e-15
-2.091765980962411489e-14
-1.125758620184306294e-14
1.559563325890421379e-14
4.048748740003064329e-15
1.652056226443324522e-14
2.526497641523439152e-14
-1.864832329074534603e-14
-4.236880102560119476e-14
-5.303526627420326778e-14
0.000000000000000000e+00
3.000845471113782642e-14
-2.701801253905121425e-14
2.825694651111417137e-14
-9.304032229401529327e-15
-3.182558916398460020e-14
-7.265098743615896417e-14
0.000000000000000000e+00
-1.233698145542009770e-14
8.993677470440081813e-14
4.688012407924236642e-14
7.051750933428199146e-14
2.137269542846291124e-14
-8.529265045110274821e-14
1.608087219296922114e-13
3.563538742285921756e-14
-8.545542965864573601e-14
1.406668452731789265e-14
-4.881561123937413216e-14
7.100314202618373501e-14
-7.257550175895267724e-14
-1.060852972132637149e-14
-6.443737870188440224e-14
-1.026872239234846860e-14
0.000000000000000000e+00
5.383364094037831903e-15
-8.638751524749599700e-15
1.207727131697242095e-14
-7.087654291710654263e-15
-2.160547206388115782e-14
1.883682312626384520e-14
-4.616418736033691393e-15
2.963702450899177552e-15
3.208993881400649396e-14
-5.962619494420797751e-15
-4.795695350606381065e-15
-4.047827057296532541e-15
1.190619288800977708e-15
-9.524954310407596051e-16
2.428696234378200990e-15
2.397847675303185010e-15
2.981309747210380337e-15
-2.888094493260684231e-14
-8.891107352697951541e-15
4.616418736033982483e-15
-2.511576416835152539e-14
7.201824021294367718e-15
-7.087654291711126791e-15
-3.019317829243543054e-14
-8.638751524750175569e-15
-3.768354865826753385e-14
2.281053939426429984e-14
2.053744478469751781e-14
4.027336168867955473e-14
3.182558916398094620e-14
7.257550175895584530e-14
1.183385700436366606e-14
4.881561123937604436e-14
0.000000000000000000e+00
8.545542965866283851e-14
-3.563538742286107927e-14
-9.648523315781707119e-14
4.873865740063191970e-14
-3.576215239003360813e-14
-9.439445933953271433e-14
6.972680480301076422e-14
-3.344160969972542389e-14
-1.376188047648770115e-14
9.551635627502439487e-15
-1.389292199055765140e-13
2.366771400872842390e-14
0.000000000000000000e+00
-3.152053078358336290e-14
1.004627906283984541e-14
2.231630371896586280e-14
4.213378248567038271e-14
-2.535485095112652141e-14
4.726225802443514572e-14
4.160466797610853932e-14
-4.932056754782467376e-14
1.842865729425524555e-14
9.032837764613557429e-15
-2.609535099485891275e-14
9.418411563132113507e-15
-5.833448654122919600e-15
-4.691775673458065532e-15
-3.960142134723079160e-15
3.261502035056415658e-15
-6.988932932263088717e-16
0.000000000000000000e+00
4.691775673458008734e-15
0.000000000000000000e+00
0.000000000000000000e+00
2.029638410711170760e-14
-1.354925664691995197e-14
-2.457154305900596539e-14
4.227477218385257739e-14
-2.773644531740469786e-14
-2.363112901221829861e-14
0.000000000000000000e+00
-1.053344562141719967e-14
-2.231630371896652229e-14
-2.009255812568102558e-14
7.092119426305373601e-14
-2.075742498175970044e-14
3.550157101309099029e-14
1.620840898898334266e-13
4.775817813751356690e-14
0.000000000000000000e+00
0.000000000000000000e+00
-1.045902072045165376e-13
4.719722966977523658e-14
7.152430478006332875e-14
9.834724211338957580e-14
-3.893880947583652058e-14
2.876276582894806122e-14
-2.758986554795807733e-14
6.812310392585580977e-14
-9.456237959044448739e-14
8.596472064752747741e-14
-3.905248899150106647e-14
3.425029760930250897e-14
-1.300258459391647501e-14
0.000000000000000000e+00
2.761706764182171111e-14
-2.607088377102860820e-14
6.972677813244182518e-15
2.924434453284197140e-14
-5.720733108634712204e-14
1.743868329150234911e-14
-2.027205734815628572e-14
-1.117827703530760489e-14
-4.784273784766508261e-15
-1.295056822101629074e-14
-2.406335957710458927e-15
-9.677059455100025600e-15
0.000000000000000000e+00
7.688004886079134303e-16
-3.844002443039423184e-16
0.000000000000000000e+00
1.741870701917915151e-14
0.000000000000000000e+00
2.072090915362593392e-14
1.435282135429805040e-14
1.117827703530831486e-14
1.520404301111741229e-14
-2.906447215250565804e-14
7.436953041224568235e-14
-3.899245937712586602e-14
-1.394535562648945998e-14
8.690294590342759485e-15
9.205689213939758369e-15
3.315316690860307451e-14
5.201033837566345774e-14
8.562574402326147890e-15
4.881561123937655555e-14
-5.730981376502274010e-14
4.728118979523282074e-14
-1.135385065430850067e-14
5.517973109591802268e-14
-5.752553165790083035e-14
6.489801579307317387e-14
-7.867779369070470856e-14
-1.133594714448958251e-13
0.000000000000000000e+00
0.000000000000000000e+00
5.962712413522586204e-14
3.271697994897262010e-14
4.541540261722926321e-14
9.633316333542583720e-14
-1.406668452731743984e-14
-2.467396291083762372e-14
9.366966376700272828e-15
-1.194182405603154106e-14
0.000000000000000000e+00
-5.008363933668628325e-14
4.018511625135633981e-14
-1.404494057670977130e-14
8.242448468940350692e-15
3.350082076960869164e-14
-2.190580030878593542e-14
0.000000000000000000e+00
-1.378624699693506957e-14
-3.731829900095731186e-15
-3.467055664674408280e-15
0.000000000000000000e+00
9.414693801344702214e-16
-5.538409255436348881e-16
5.538409255436362686e-16
-4.707346900672688542e-15
0.000000000000000000e+00
6.934111329349312753e-15
1.119548970028659639e-14
1.723280874616927912e-14
5.368582668119332402e-15
0.000000000000000000e+00
0.000000000000000000e+00
0.000000000000000000e+00
2.808988115342090260e-14
-4.018511625135822045e-14
0.000000000000000000e+00
-1.326348645731970184e-14
-1.194182405603238356e-14
4.683483188350193843e-14
-3.701094436626372466e-14
-1.406668452731856949e-14
-2.752376095297792034e-14
-3.406155196292674999e-14
8.179244987242319147e-14
-3.975141609015791425e-14
-8.288294897429655314e-14
0.000000000000000000e+00
8.501960358366769736e-14
-1.032988963876729776e-13
-2.272168116067767909e-14
-1.762302227578561172e-13
-1.207453801543206418e-14
-7.950283218029010533e-14
-1.379493277397946307e-14
1.672080484986511324e-14
0.000000000000000000e+00
-2.997892490146916501e-14
-3.414286759740815155e-14
0.000000000000000000e+00
-1.611522674268086131e-14
-2.281948660161442769e-14
-7.323742969270548939e-14
1.023884419436087729e-13
-3.505108222445823517e-14
0.000000000000000000e+00
2.661573850093932976e-14
6.522829941414122651e-15
-1.675041038480535872e-14
-1.360257110649070125e-14
0.000000000000000000e+00
1.694035301578422585e-15
-1.143886160971870361e-15
2.018761535264579422e-15
-3.364602558774308076e-16
-2.287772321943710351e-15
-3.388070603156891318e-15
1.053120264629766114e-14
9.068380737661438327e-15
8.375205192403513974e-15
0.000000000000000000e+00
-3.105169491776322139e-14
-1.526386882721991403e-14
2.002918984254735334e-14
-3.412948064786915342e-14
1.037530253979995790e-13
2.281948660161699307e-14
-2.417284011402556443e-14
1.450932718863947285e-14
7.966669106062406059e-14
2.997892490147204909e-14
-3.418217186347270721e-14
-3.344160969973352076e-14
2.758986554796025774e-14
7.950283218028864120e-14
1.207453801543404738e-14
1.384666035954664179e-13
-4.544336232136474878e-14
6.886593092511254584e-14
-1.794839393089157280e-14
0.000000000000000000e+00
1.312302009074775887e-14
-1.007029844330631502e-13
0.000000000000000000e+00
5.752553165789622341e-14
3.486340240149577063e-14
0.000000000000000000e+00
-1.562670802641218785e-14
-2.372966053641998969e-14
1.512615114937526443e-14
5.040108939143765761e-14
-2.378965356676118609e-14
-2.545030556139988731e-14
-1.779026734677578659e-14
-3.132103329626894612e-14
-3.712985402463853339e-14
0.000000000000000000e+00
6.800128468214972446e-15
8.731282717538145425e-15
0.000000000000000000e+00
2.854517809428858637e-14
-3.532118313889086828e-15
-1.192515320909097461e-15
7.015296238734271011e-16
3.507648119367314972e-16
1.192515320909054863e-15
5.298177470833388259e-15
-1.976204637296744386e-14
0.000000000000000000e+00
-4.365641358768963061e-15
-2.040038540464637831e-14
-1.387366233119461810e-14
2.121705944264952758e-14
5.220172216044915862e-14
3.558053469354817791e-14
1.272515278070144880e-14
2.378965356676053607e-14
-1.680036313047925917e-14
-3.025230229875211920e-14
1.186483026821030881e-14
3.125341605282983462e-14
-1.781769371142967820e-14
-6.972680480300252220e-14
0.000000000000000000e+00
2.072073724356673561e-14
1.258787305413468007e-13
-1.312302009074649354e-14
2.368771951659047213e-14
3.589678786178233150e-14
4.859675460613560849e-14
1.496497849127372473e-13
-4.737543903318567112e-14
1.136084058034095180e-13
-9.350410719616155238e-14
3.893880947584707870e-14
9.439445933957836729e-14
0.000000000000000000e+00
-8.462101120112500815e-14
4.283278626824766606e-14
-1.365176662178486207e-14
0.000000000000000000e+00
-1.431375345173282340e-14
-6.890879812312333560e-14
-4.816799113600400001e-14
9.422676672510048228e-15
3.829775354024150080e-14
0.000000000000000000e+00
-1.227461496157021341e-14
-1.182019904384394331e-14
1.706474032393032002e-14
3.963500003297708191e-15
1.593896260976725772e-15
3.228833434200404889e-15
-1.582860703556025532e-15
0.000000000000000000e+00
1.076277811400080597e-15
9.563377565858515006e-15
1.189050000989168806e-14
-1.279855524294951258e-14
2.364039808768849563e-14
1.227461496157166649e-14
8.347479111195127300e-15
-2.872331515518260235e-14
0.000000000000000000e+00
8.027998522669225023e-15
5.742399843594554778e-14
1.431375345173220177e-14
-1.516265811150281916e-14
-1.365176662178521075e-14
1.070819656706129962e-14
4.231050560057079027e-14
-6.432348877186470204e-14
-9.439445933958388300e-14
1.297960315861663848e-14
3.740164287847142535e-14
-1.363300869641075876e-13
2.368771951659288289e-14
-8.551416280728343425e-14
-8.099459101023004049e-14
0.000000000000000000e+00
-1.619891820203922326e-14
-5.384518179266925002e-14
-5.164944819383569365e-14
-1.133594714448763119e-13
-3.933889684533197012e-14
-7.152430478005246140e-14
-1.096619791513927829e-13
-1.068634771423025971e-14
3.245519938908200199e-14
-4.137614584132988932e-14
-1.148896867529038329e-14
1.084574115062797508e-14
6.091477608475315920e-14
0.000000000000000000e+00
4.997751635748664920e-14
3.627331797159847228e-14
1.897508532614291322e-14
4.650275184540832843e-15
-1.194182405603313140e-14
-6.465076352034627281e-15
-9.009536695307355854e-15
-7.246349181891751610e-15
-4.893018126227122364e-15
9.594854362225081684e-16
-4.797427181112147398e-16
-1.631006042075990985e-15
2.415449727297251194e-15
0.000000000000000000e+00
3.232538176017540832e-15
-1.791273608405272475e-14
-1.395082555362358321e-14
-1.897508532614332343e-14
-2.901865437728285214e-14
-4.997751635748578461e-14
0.000000000000000000e+00
-2.610633260775178218e-14
-1.084574115062858250e-14
0.000000000000000000e+00
3.103210938099858135e-14
4.868279908361440440e-14
3.205904314269398821e-14
1.096619791514044959e-13
2.384143492668900056e-14
3.933889684533681057e-14
1.133594714448763750e-13
0.000000000000000000e+00
3.589678786178583404e-14
-1.619891820204260905e-14
0.000000000000000000e+00
