4.386085522402730086e-01
4.386085522402717318e-01
4.386085522402708992e-01
4.386085522402725090e-01
4.386085522402701775e-01
4.386085522402729531e-01
4.386085522402732861e-01
4.386085522402708992e-01
4.386085522402752845e-01
4.386085522402725090e-01
4.064654179986202931e-01
4.064654179986217364e-01
4.064654179986234017e-01
4.064654179986201266e-01
4.064654179986209037e-01
4.064654179986215699e-01
4.064654179986215699e-01
4.064654179986211813e-01
4.064654179986225135e-01
4.064654179986212923e-01
3.669248798230473341e-01
3.669248798230470565e-01
3.669248798230473896e-01
3.669248798230468900e-01
3.669248798230471675e-01
3.669248798230468900e-01
3.669248798230467234e-01
3.669248798230476671e-01
3.669248798230472230e-01
3.669248798230478337e-01
4.079761489540142394e-01
4.079761489540141839e-01
4.079761489540140174e-01
4.079761489540140729e-01
4.079761489540140174e-01
4.079761489540140729e-01
4.079761489540140729e-01
4.079761489540141839e-01
4.079761489540140174e-01
4.079761489540140729e-01
4.381345192041149472e-01
4.381345192041149472e-01
4.381345192041150027e-01
4.381345192041148917e-01
4.381345192041148362e-01
4.381345192041148917e-01
4.381345192041148917e-01
4.381345192041150027e-01
4.381345192041151138e-01
4.381345192041149472e-01
4.381345192041148917e-01
4.381345192041148917e-01
4.381345192041149472e-01
4.381345192041149472e-01
4.381345192041146697e-01
4.381345192041146697e-01
4.381345192041149472e-01
4.381345192041149472e-01
4.381345192041148917e-01
4.381345192041148917e-01
4.079761489540139618e-01
4.079761489540141839e-01
4.079761489540140729e-01
4.079761489540139063e-01
4.079761489540137398e-01
4.079761489540136843e-01
4.079761489540142394e-01
4.079761489540140174e-01
4.079761489540141839e-01
4.079761489540139618e-01
3.669248798230476671e-01
3.669248798230467234e-01
3.669248798230478337e-01
3.669248798230468900e-01
3.669248798230471675e-01
3.669248798230463349e-01
3.669248798230459463e-01
3.669248798230472230e-01
3.669248798230471675e-01
3.669248798230476671e-01
4.064654179986210703e-01
4.064654179986239568e-01
4.064654179986217919e-01
4.064654179986207372e-01
4.064654179986209037e-01
4.064654179986203486e-01
4.064654179986212923e-01
4.064654179986228466e-01
4.064654179986210147e-01
4.064654179986219584e-01
4.386085522402735637e-01
4.386085522402757841e-01
4.386085522402715653e-01
4.386085522402707326e-01
4.386085522402725645e-01
4.386085522402719539e-01
4.386085522402725090e-01
4.386085522402707881e-01
4.386085522402721204e-01
4.386085522402730086e-01
