5.045611966722248987e+00
5.045611966722248098e+00
5.045611966722249875e+00
5.045611966722248098e+00
5.045611966722248987e+00
5.045611966722248098e+00
5.045611966722248987e+00
5.045611966722248098e+00
5.045611966722248098e+00
5.045611966722248098e+00
3.932532463547894430e+00
3.932532463547893986e+00
3.932532463547893542e+00
3.932532463547893986e+00
3.932532463547893986e+00
3.932532463547893542e+00
3.932532463547893542e+00
3.932532463547893986e+00
3.932532463547893542e+00
3.932532463547893542e+00
2.760432854268133340e+00
2.760432854268133784e+00
2.760432854268133784e+00
2.760432854268133784e+00
2.760432854268133784e+00
2.760432854268133784e+00
2.760432854268134228e+00
2.760432854268133340e+00
2.760432854268133784e+00
2.760432854268133340e+00
1.660747780533434970e+00
1.660747780533434970e+00
1.660747780533435192e+00
1.660747780533435192e+00
1.660747780533435192e+00
1.660747780533434970e+00
1.660747780533434970e+00
1.660747780533434970e+00
1.660747780533435414e+00
1.660747780533434970e+00
5.447944155836731417e-01
5.447944155836730307e-01
5.447944155836730307e-01
5.447944155836731417e-01
5.447944155836732527e-01
5.447944155836731417e-01
5.447944155836731417e-01
5.447944155836730307e-01
5.447944155836730307e-01
5.447944155836731417e-01
-5.447944155836721425e-01
-5.447944155836721425e-01
-5.447944155836721425e-01
-5.447944155836721425e-01
-5.447944155836723645e-01
-5.447944155836722535e-01
-5.447944155836721425e-01
-5.447944155836721425e-01
-5.447944155836721425e-01
-5.447944155836721425e-01
-1.660747780533435414e+00
-1.660747780533434970e+00
-1.660747780533434970e+00
-1.660747780533435414e+00
-1.660747780533435414e+00
-1.660747780533435414e+00
-1.660747780533434970e+00
-1.660747780533435192e+00
-1.660747780533434970e+00
-1.660747780533435414e+00
-2.760432854268134228e+00
-2.760432854268134228e+00
-2.760432854268134228e+00
-2.760432854268134228e+00
-2.760432854268134228e+00
-2.760432854268134228e+00
-2.760432854268135117e+00
-2.760432854268134228e+00
-2.760432854268134228e+00
-2.760432854268134228e+00
-3.932532463547893542e+00
-3.932532463547892654e+00
-3.932532463547892654e+00
-3.932532463547893542e+00
-3.932532463547893542e+00
-3.932532463547893542e+00
-3.932532463547893542e+00
-3.932532463547892654e+00
-3.932532463547893542e+00
-3.932532463547892654e+00
-5.045611966722248098e+00
-5.045611966722248098e+00
-5.045611966722248987e+00
-5.045611966722248987e+00
-5.045611966722248098e+00
-5.045611966722248098e+00
-5.045611966722248098e+00
-5.045611966722248987e+00
-5.045611966722248098e+00
-5.045611966722248987e+00
