-1.188247099390679321e-14
-1.715606437546411109e-14
3.232381326574853626e-14
0.000000000000000000e+00
-1.661461550427845989e-14
-1.005424164954408766e-14
1.970082942248517651e-14
8.998069964254699108e-15
2.918406298245216369e-14
-7.240093591942520891e-15
7.883457066719131685e-15
3.867198643548290490e-15
5.916091684436574980e-15
-7.949075400044287463e-16
-3.521766689821413465e-16
3.521766689821416423e-16
-7.949075400044124760e-16
1.183218336887321544e-15
2.578132429032178408e-15
-5.912592800039309321e-15
1.810023397985644186e-14
-2.188804723683859896e-14
0.000000000000000000e+00
-7.880331768993999290e-15
-1.005424164954319151e-14
1.661461550427835892e-14
-1.532398097282486909e-14
-8.080953316436966828e-15
1.143737625030961723e-14
1.782370649085914852e-14
5.718688125154559334e-15
3.853081098142724823e-14
-3.889156425729410105e-15
-2.950126625126842338e-14
7.996534493925344822e-15
-2.419444881413205455e-14
1.137758894506398189e-14
0.000000000000000000e+00
0.000000000000000000e+00
-6.969272546032733387e-15
5.691306909490277077e-15
1.240776328728733186e-15
9.111059221219378910e-15
7.651404828953935103e-16
-1.695005001742399255e-16
-3.390010003484748219e-16
-7.651404828953920312e-16
-4.555529610609631079e-15
-3.722328986186091880e-15
3.794204606326975236e-15
6.969272546032788607e-15
1.404584632076420971e-14
-1.732193570856980069e-14
-7.585059296709147186e-15
1.935555905130408359e-14
-1.199480174088788155e-14
2.212594968844893044e-14
-3.889156425729118226e-15
-3.853081098142808757e-14
0.000000000000000000e+00
5.656667321505893030e-14
7.778312851458753945e-15
5.495620691789821090e-15
-1.563177777224618575e-14
-5.649428302384501186e-15
3.418783213830396683e-15
5.359238510639771087e-15
-1.223873611971890723e-14
2.480875374154580764e-15
1.723278595819063674e-14
8.041853296298602024e-15
5.259967262190850397e-15
8.046809762612489730e-16
1.621776823590073121e-15
4.789998451119605844e-16
0.000000000000000000e+00
-2.162369098120085136e-15
8.046809762612298431e-16
-7.013289682921032099e-15
-6.701544413582251710e-15
-1.723278595819060834e-14
2.480875374154571298e-15
3.059684029929654232e-15
-1.875733478723820957e-14
-6.837566427660371325e-15
5.649428302384476732e-15
1.042118518149643060e-14
0.000000000000000000e+00
1.166746927718846539e-14
-2.424285994931065278e-14
-7.661990486413232871e-15
-7.375316562816875498e-15
0.000000000000000000e+00
1.975936960399456672e-14
-1.606737819853404707e-14
6.482792223089431907e-15
-1.270387524948464203e-14
0.000000000000000000e+00
4.704135042428389238e-15
-1.400306725431074015e-14
3.812113708151648861e-15
-1.662434505675564953e-15
0.000000000000000000e+00
5.125490200148707135e-16
4.541064653770157985e-16
-6.811596980655214298e-16
-5.125490200148769258e-16
-6.103910796108142174e-15
0.000000000000000000e+00
-3.812113708151618885e-15
-2.333844542385039740e-15
4.704135042428349795e-15
-2.901099673460862368e-15
0.000000000000000000e+00
-1.296558444617797713e-14
1.071158546568932580e-14
-4.939842400998210962e-15
-3.126355554448973355e-14
2.581360796986045816e-14
1.532398097282549387e-14
-4.153653876069540820e-15
3.998267246962787585e-15
-5.649428302384502764e-15
-2.677896366422340442e-14
1.161350762358060029e-14
7.028748439339362085e-15
1.101912307716681721e-14
-6.290894543823948731e-15
0.000000000000000000e+00
2.530351482189263663e-15
-6.888542459461469964e-15
-7.209809570340595016e-15
1.654509307489997308e-15
5.557149312998107592e-16
6.154287945251040031e-16
0.000000000000000000e+00
-5.557149312998113509e-16
8.272546537449984566e-16
5.407357177755373687e-15
6.888542459461502308e-15
0.000000000000000000e+00
-2.550135789745040577e-15
-3.145447271911962138e-15
-1.101912307716644960e-14
-7.028748439338947933e-15
-8.710130717685553164e-15
2.677896366422086745e-14
0.000000000000000000e+00
3.998267246962960345e-15
-2.076826938034554814e-14
-5.027120824772009119e-15
-9.677779525652499333e-15
3.418783213830414432e-15
0.000000000000000000e+00
-1.405749687867896872e-14
-1.276072801713715647e-14
-3.333979575938802330e-15
-1.903421049100674392e-15
-1.543313343639233886e-15
-6.125758739705762573e-15
0.000000000000000000e+00
9.816617083102272313e-15
2.002367876739552506e-15
0.000000000000000000e+00
-1.489874049723210451e-16
0.000000000000000000e+00
-6.725949193188247725e-16
-1.001183938369775267e-15
-4.362940925823243884e-15
5.002696676091028973e-15
3.062879369852854071e-15
3.086626687278418074e-15
0.000000000000000000e+00
0.000000000000000000e+00
1.488751601999266922e-14
1.405749687867902867e-14
-6.482792223088837106e-15
-6.837566427660323205e-15
9.677779525652753346e-15
-5.027120824771626521e-15
1.182049765349137917e-14
7.585059296709391733e-15
1.607771553191896932e-14
-7.622325149690717058e-15
8.264342307875132234e-15
-3.333979575938802330e-15
-1.567830133027689386e-14
-1.491849003402112297e-15
-4.838763196212262253e-15
-1.200445507252012140e-15
-2.614188813924434502e-15
8.548930245491270636e-16
1.569378556729724398e-15
-1.054359279447963589e-15
-2.335696175669003714e-16
7.007088527006997338e-16
-5.271796397239779489e-16
0.000000000000000000e+00
-2.564679073647340071e-15
2.614188813924444363e-15
1.200445507252010168e-15
7.258144794318264006e-15
2.983698006804247077e-15
2.613050221712717694e-15
0.000000000000000000e+00
-2.203824615433325576e-14
-2.540775049896644967e-15
-2.679619255319658352e-14
0.000000000000000000e+00
-1.182049765349071652e-14
1.799613992850910160e-14
8.660967854284846700e-15
-1.529842014964864824e-14
2.901099673460916405e-15
-9.436341815735871821e-15
5.710263147301984521e-15
0.000000000000000000e+00
-1.703455741367059122e-15
0.000000000000000000e+00
0.000000000000000000e+00
-1.492469865402260486e-15
0.000000000000000000e+00
0.000000000000000000e+00
6.019512998302941403e-16
-4.000400386354035382e-16
0.000000000000000000e+00
0.000000000000000000e+00
0.000000000000000000e+00
0.000000000000000000e+00
0.000000000000000000e+00
2.741366187362166385e-15
-5.525019313789549067e-15
6.813822965468312217e-15
1.491849003402045244e-15
1.903421049100563951e-15
6.290894543823935320e-15
-5.802199346921241165e-15
1.223873611971796848e-14
-4.330483927142525113e-15
-8.998069964254239991e-15
2.918406298245259283e-14
0.000000000000000000e+00
2.480875374154591414e-15
-2.352067521214219074e-15
-2.550135789745121830e-15
-4.629940030917747018e-15
4.838763196212241742e-15
0.000000000000000000e+00
2.239795967878094095e-15
-1.111254427095214420e-15
0.000000000000000000e+00
1.583022568732086315e-15
-1.453067463694348255e-15
2.440367740459550294e-16
1.081100174903428189e-16
2.162200349806856624e-16
-9.761470961838173567e-16
2.179601195541497337e-15
-1.583022568732063635e-15
3.630167832750301201e-15
-3.333763281285614665e-15
1.119897983939021804e-15
6.906274142237222296e-15
-4.838763196212087914e-15
1.543313343639162100e-15
2.550135789745103292e-15
-2.352067521213988332e-15
-1.240437687077208064e-14
-3.511461580191004702e-15
-2.188804723683824240e-14
-3.620046795971213903e-15
-1.742318136508163034e-15
1.477095939273464847e-14
-1.633691179669581855e-14
-2.530351482189293245e-15
-1.531439684926429796e-15
2.400891014504018363e-15
6.853415468405417936e-15
-4.445017708380878981e-15
1.102624841874789743e-15
-1.801060215916056132e-15
7.854491826127666039e-16
1.081473856472743451e-15
-2.421611670602745952e-16
-2.145436012950406778e-16
1.072718006475198089e-16
-2.421611670602737077e-16
-7.209825709818220646e-16
-1.570898365225512697e-15
3.001767026526776391e-15
0.000000000000000000e+00
-2.222508854190357843e-15
-4.112049281043279160e-15
-3.601336521755912963e-15
-3.062879369852677366e-15
-2.530351482189275101e-15
2.333844542384855935e-15
-4.923653130911314674e-15
0.000000000000000000e+00
-3.620046795970959101e-15
3.941728533359569787e-15
0.000000000000000000e+00
-1.340308882716450105e-15
3.812113708151639395e-15
-6.888542459461514141e-15
-3.335131117394041798e-15
-2.614188813924414386e-15
1.492469865402257330e-15
-2.420111888500191072e-15
-6.003534053053516494e-16
4.576146137117708859e-15
8.552409536045237891e-16
-7.850340889731824682e-16
2.636845374380942871e-16
-3.504383044344062457e-16
3.504383044344054568e-16
-7.910536123142811848e-16
7.850340889731750726e-16
-8.552409536045139284e-16
-3.268675812226959129e-15
-1.801060215916033649e-15
-1.210055944250061418e-15
1.492469865402269755e-15
2.614188813924341811e-15
1.667565558696933138e-15
8.266250951353785099e-15
-6.353522846918788413e-15
-1.340308882716367867e-15
5.691306909490606820e-15
-1.970864266679666959e-15
-1.289066214516120956e-15
2.481552657457422591e-15
0.000000000000000000e+00
1.662434505675544640e-15
-8.111035766633273523e-15
8.725881851646475147e-15
1.709786049098250380e-15
1.952303030804631061e-15
-1.583022568732093218e-15
0.000000000000000000e+00
1.282861430406783465e-15
0.000000000000000000e+00
2.567213844977090450e-16
-1.724710509858007731e-16
1.146185964188771319e-16
-1.146185964188767868e-16
-1.724710509858005266e-16
0.000000000000000000e+00
-5.593754011762233316e-16
-2.138102384011318002e-15
0.000000000000000000e+00
4.749067706196201950e-15
-3.904606061609251079e-15
1.709786049098200879e-15
-8.725881851646034962e-15
7.209809570340664436e-15
0.000000000000000000e+00
0.000000000000000000e+00
2.481552657457496350e-15
-2.578132429032043908e-15
7.099310021324038913e-15
1.138882402652422009e-14
0.000000000000000000e+00
-7.629888495135347323e-16
1.654509307489993363e-15
2.002367876739552112e-15
1.569378556729724004e-15
2.239984670815838480e-15
-2.179601195541528891e-15
2.883930283927321785e-15
-3.925170444865908397e-16
7.701641534931268886e-16
2.356392548028890070e-16
4.749311680081962205e-16
-1.052106475523940898e-16
1.402808634031916267e-16
-6.332415573442610356e-16
0.000000000000000000e+00
-1.283606922488529694e-15
0.000000000000000000e+00
-1.441965141963649060e-15
1.453067463694321040e-15
-4.927966275794819335e-15
7.846892783648445484e-16
0.000000000000000000e+00
-8.272546537449989496e-16
3.814944247567306447e-15
2.414042928783615475e-15
-6.833294415914708915e-15
-8.282528358210918300e-15
-3.179630160017774150e-15
0.000000000000000000e+00
3.784145921710086866e-15
0.000000000000000000e+00
1.667144793899416402e-15
-3.362974596594159361e-16
5.271796397239812030e-16
-1.203902599660590253e-15
7.321103221378641515e-16
0.000000000000000000e+00
2.636845374380942871e-16
0.000000000000000000e+00
-3.166207786721308629e-16
-2.127072992329690229e-16
-2.355880576074781042e-17
0.000000000000000000e+00
1.063536496164844005e-16
0.000000000000000000e+00
3.449421019715977498e-16
5.273690748761940961e-16
-9.686446682410904922e-16
2.440367740459495567e-16
1.504878249575743535e-15
-5.271796397239608898e-16
0.000000000000000000e+00
-1.667144793899416796e-15
-5.125490200148287067e-16
-1.621776823589970964e-15
1.530280965790843819e-15
7.949075400043756954e-16
0.000000000000000000e+00
1.695005001742393338e-16
0.000000000000000000e+00
6.811596980655291212e-16
4.923430356200873440e-16
1.489874049723212670e-16
-2.335696175669010617e-16
-4.000400386354051652e-16
-4.324400699613717192e-16
-3.218154019425607702e-16
-5.840638407240101219e-17
1.528247952251695832e-16
-1.402808634031920458e-16
2.355880576074782583e-17
-1.043619014431676571e-17
2.609047536079182723e-17
2.355880576074779501e-17
1.753510792539883747e-16
-1.146185964188758500e-16
1.168127681448027639e-16
2.145436012950393713e-16
3.243300524710218129e-16
5.333867181805434743e-16
-1.167848087834464879e-16
-5.959496198892511469e-16
-1.230857589050211704e-16
-9.082129307539485694e-16
-9.579996902238604266e-16
-1.695005001742411827e-16
-3.521766689821185681e-16
7.043533379642778611e-16
-1.017003001045401244e-15
4.789998451119642329e-16
4.541064653770187567e-16
0.000000000000000000e+00
4.469622149169669317e-16
2.335696175669010124e-16
4.000400386354006292e-16
4.324400699613728532e-16
2.145436012950399136e-16
2.920319203620044570e-16
0.000000000000000000e+00
3.507021585079791284e-17
-1.177940288037387594e-16
1.565428521647510312e-17
-5.218095072158349731e-18
7.067641728224316934e-17
0.000000000000000000e+00
3.820619880629187810e-17
-4.672510725792109571e-16
1.072718006475191926e-16
4.324400699613583579e-16
-4.000400386354026507e-16
2.335696175668939126e-16
-4.469622149169435617e-16
-1.230857589050210225e-16
-2.270532326884868958e-16
-2.394999225559675225e-16
1.186503501219658056e-15
-8.804416724553048758e-16
-1.589815080008824952e-15
7.651404828953919325e-16
-1.621776823590053400e-15
-2.050196080059478515e-15
0.000000000000000000e+00
3.362974596594122876e-16
0.000000000000000000e+00
0.000000000000000000e+00
-4.880735480919092700e-16
-2.421611670602732147e-16
-7.910536123142820723e-16
-3.449421019716011025e-16
-7.915519466803263438e-16
-1.595304744247265761e-16
0.000000000000000000e+00
2.355880576074773338e-17
3.722377736576948102e-16
4.749311680081909942e-16
0.000000000000000000e+00
5.273690748761918282e-16
7.264835011808152068e-16
4.880735480918977329e-16
0.000000000000000000e+00
0.000000000000000000e+00
3.362974596593950313e-16
-5.557149312998095759e-16
1.537647060044442634e-15
1.081184549059981826e-15
7.651404828953962713e-16
-7.949075400043481839e-16
-1.183218336887280523e-15
-1.138882402652427294e-15
1.609361952522475069e-15
-3.051955398054039533e-15
-1.654509307489984489e-15
-2.002367876739556450e-15
-1.569378556729702310e-15
-4.479969341631625882e-16
7.265337318471625906e-16
1.441965141963652610e-15
-1.177551133459757531e-15
-7.701641534931183097e-16
-9.425570192115461671e-16
-1.583103893360638291e-16
-7.014043170159530799e-17
0.000000000000000000e+00
0.000000000000000000e+00
2.356392548028844710e-16
-2.567213844977037202e-16
1.177551133459764630e-15
-1.081473856472730237e-15
0.000000000000000000e+00
1.343990802489487469e-15
7.846892783648333071e-16
2.002367876739458632e-15
-8.272546537449947095e-16
0.000000000000000000e+00
-3.218723905044761206e-15
3.416647207957359585e-15
1.183218336887230627e-15
-5.156264858064238488e-15
0.000000000000000000e+00
8.766612103651655564e-15
-4.987303517026567655e-15
4.506130981462793788e-15
-3.272205694367426208e-15
-5.129358147294655688e-15
-1.952303030804626328e-15
7.915112843660398049e-16
-7.854491826127570390e-16
-2.138102384011283687e-15
-5.593754011762234302e-16
-7.701641534931175209e-16
-1.724710509857988749e-16
3.820619880629198904e-17
7.641239761258374388e-17
0.000000000000000000e+00
-2.567213844977038188e-16
1.678126203528650175e-15
1.282861430406778535e-15
7.854491826127520100e-16
-7.915112843660198862e-16
0.000000000000000000e+00
4.274465122745449245e-15
2.181470462911490202e-15
0.000000000000000000e+00
0.000000000000000000e+00
-5.259967262190605850e-15
1.240776328728765333e-15
6.445331072579886719e-15
3.941728533359591875e-15
-5.691306909490349652e-15
-4.020926648149301012e-15
-1.270704569383886701e-15
-5.510833967569073577e-15
-3.335131117394014187e-15
6.535472034811131024e-15
2.984939730804532410e-15
2.420111888500198566e-15
6.003534053053544105e-16
0.000000000000000000e+00
-1.710481907209056059e-15
-7.850340889731841445e-16
2.636845374380969002e-16
1.752191522172043308e-16
-1.168127681448025667e-16
7.910536123142880874e-16
7.850340889731767490e-16
2.138102384011293153e-15
6.537351624453977422e-16
-1.801060215916054554e-15
1.210055944250065954e-15
0.000000000000000000e+00
1.307094406962178991e-15
1.667565558696915783e-15
2.755416983784538366e-15
3.812113708151317540e-15
2.680617765432691162e-15
7.588409212653862119e-15
-3.941728533359423059e-15
3.620046795971157105e-15
0.000000000000000000e+00
-7.385479696367601916e-15
-1.166922271192502594e-14
-2.530351482189277862e-15
7.657198424632169295e-15
2.400891014504030591e-15
6.853415468405445546e-15
-6.667526562571199353e-15
-2.205249683749574752e-15
-6.003534053053464232e-16
-7.854491826127617722e-16
3.604912854909140399e-16
-7.264835011808173761e-16
1.072718006475195131e-16
2.145436012950388043e-16
1.452967002361631597e-15
-7.209825709818200925e-16
1.570898365225502048e-15
-1.200706810610701721e-15
3.307874525624334321e-15
3.333763281285528679e-15
-8.224098562086572520e-15
-3.601336521755954773e-15
-4.594319054779071072e-15
0.000000000000000000e+00
1.867075633907803969e-14
4.923653130911435369e-15
0.000000000000000000e+00
-1.086014038791294435e-14
-1.459203149122598087e-14
1.053438474057273169e-14
-4.961750748309009278e-15
2.352067521214145315e-15
7.650407369235361940e-15
3.086626687278411369e-15
7.258144794318238762e-15
-5.525019313789567211e-15
-2.239795967878046369e-15
-1.111254427095187008e-15
0.000000000000000000e+00
6.332090274928282940e-15
0.000000000000000000e+00
-7.321103221378468952e-16
3.243300524710211226e-16
-1.081100174903398113e-16
9.761470961837919159e-16
0.000000000000000000e+00
-1.583022568732050027e-15
0.000000000000000000e+00
3.333763281285526313e-15
5.599489919694932316e-15
2.762509656894803327e-15
-4.838763196211971952e-15
-1.543313343639121276e-15
-7.650407369235284632e-15
9.408270084855577830e-15
-7.442626122463140785e-15
-7.022923160382008615e-15
1.094402361841877726e-14
4.499034982127511271e-15
0.000000000000000000e+00
0.000000000000000000e+00
-2.901099673460897473e-15
-9.436341815735788201e-15
5.710263147302055519e-15
-5.967396013608442089e-15
1.022073444820250619e-14
1.381254828447442487e-15
4.112049281043292571e-15
4.477409596206797431e-15
-2.928454546206952114e-15
-5.375963209957989318e-15
6.019512998302963097e-16
2.666933590902703073e-16
-1.333466795451341676e-16
-9.029269497454436756e-16
3.583975473305297550e-15
1.952303030804618045e-15
0.000000000000000000e+00
-6.853415468405453434e-15
-1.381254828447411130e-15
-1.362764593093676327e-14
-8.951094020412463157e-15
-7.613684196402337847e-15
3.145447271911942811e-15
-2.901099673460627682e-15
0.000000000000000000e+00
4.330483927142522747e-15
-8.998069964254530292e-15
0.000000000000000000e+00
-7.585059296709137720e-15
8.038857765959405773e-15
-5.081550099793599168e-15
-8.264342307874949218e-15
6.667959151877461087e-15
0.000000000000000000e+00
1.491849003402051358e-15
0.000000000000000000e+00
1.200445507251984135e-15
3.921283220886517844e-15
8.548930245491016228e-16
-2.354067835094528024e-15
-5.271796397239627634e-16
-8.174936614841291133e-16
5.839240439172314043e-16
1.054359279447920991e-15
7.846892783648369556e-16
0.000000000000000000e+00
-1.307094406962178597e-15
-1.200445507251978613e-15
-4.838763196212009028e-15
-8.951094020412396893e-15
5.226100443425332835e-15
0.000000000000000000e+00
8.264342307874881376e-15
-2.540775049896590536e-15
0.000000000000000000e+00
-7.585059296709398044e-15
3.940165884496737743e-15
-1.508136247431478490e-14
1.451666928847806269e-14
1.709391606915146947e-14
-3.241396111544575536e-15
-3.514374219669508282e-15
2.126788002856049567e-15
-6.667959151877180253e-15
1.142052629460356515e-14
-1.543313343639163283e-15
-1.531439684926348544e-15
-1.667565558696932744e-15
-7.635146620190245685e-15
-3.003551815109199386e-15
-3.362974596593919745e-16
-4.469622149169404063e-16
5.959496198892552884e-16
-1.681487298296975650e-15
4.004735753478892019e-15
2.181470462911486652e-15
1.667565558696936688e-15
3.062879369852661983e-15
0.000000000000000000e+00
-9.517105245502930197e-15
3.333979575938503352e-15
1.701430402284714382e-14
1.054312265900836983e-14
-6.482792223088616225e-15
-1.709391606915020729e-14
-1.451666928847857703e-14
1.005424164954260144e-14
8.307307752139078484e-15
7.996534493925485239e-15
2.259771320953849700e-14
5.355792732844643966e-15
-1.742026143537085705e-14
1.054312265900926914e-14
-1.652868461575020451e-14
6.290894543823925854e-15
7.650407369235371407e-15
-2.530351482189271946e-15
1.377708491892282791e-15
1.802452392585144021e-15
0.000000000000000000e+00
-1.111429862599603966e-15
2.461715178100429817e-16
0.000000000000000000e+00
1.111429862599601797e-15
8.272546537449922443e-16
2.703678588877652528e-15
0.000000000000000000e+00
2.530351482189281018e-15
-7.650407369235287787e-15
-3.145447271911978704e-15
2.203824615433268463e-14
-3.514374219669533920e-15
5.806753811790358521e-15
0.000000000000000000e+00
-5.649428302384180909e-15
-1.199480174088857101e-14
-1.661461550427734917e-14
-4.597194291847261618e-14
3.687658281408106427e-15
1.563177777224481944e-14
-9.879684801996352505e-15
2.142317093137637652e-14
-3.241396111544448924e-15
-1.016310019958652623e-14
-5.802199346921240376e-15
2.352067521213981627e-15
-1.400306725430884846e-14
-2.541409138767535166e-15
-3.324869011350802134e-15
1.525977699026898873e-15
0.000000000000000000e+00
0.000000000000000000e+00
-4.541064653769773415e-16
1.025098040029640453e-15
-3.814944247567253593e-15
-1.662434505675373654e-15
-1.270704569383787107e-15
1.400306725430855816e-14
2.352067521213918912e-15
-2.901099673460629654e-15
1.778542534927589591e-14
-9.724188334632879373e-15
-1.606737819853222322e-14
9.879684801995495802e-15
-1.042118518149579004e-14
-7.375316562816302785e-15
2.298597145923490392e-14
-8.080953316436875320e-15
2.333493855437517005e-14
5.495620691789540256e-15
-5.210592590748406202e-15
0.000000000000000000e+00
1.367513285532105504e-14
-1.607771553191794695e-14
9.179052089788356851e-15
-9.923501496617556283e-15
0.000000000000000000e+00
6.701544413581869112e-15
1.753322420730180914e-15
1.609361952522410382e-15
-1.621776823589951439e-15
4.789998451119363270e-16
-2.394999225559674239e-16
2.702961372649911769e-15
-8.046809762611934569e-16
-1.753322420730189394e-15
-9.382162179014718047e-15
4.923653130911398293e-15
9.923501496617215495e-15
-9.179052089788238522e-15
2.411657329787597380e-14
-2.393148249681082474e-14
-5.649428302384262162e-15
-5.210592590747970751e-15
5.495620691789175802e-15
-2.722409498010513709e-14
8.080953316436419358e-15
2.287475250061972355e-14
-3.302640941265321087e-14
7.778312851458930650e-15
1.843829140704289635e-14
0.000000000000000000e+00
4.838889762826323819e-15
-3.792529648354774753e-15
0.000000000000000000e+00
0.000000000000000000e+00
-1.045390881904890878e-14
-5.691306909490348074e-15
1.240776328728756458e-15
-3.416647207957412044e-15
1.530280965790823505e-15
-6.780020006969571380e-16
1.017003001045428854e-15
-2.295421448686241569e-15
2.277764805304912964e-15
1.240776328728751725e-15
1.897102303163458035e-15
6.969272546032581926e-15
-7.022923160381955762e-15
4.330483927142489614e-15
0.000000000000000000e+00
-9.677779525652227965e-15
-3.998267246962845960e-15
-1.106297484422451255e-14
-1.166746927718771598e-14
1.651320470632722706e-14
-2.287475250061798805e-14
4.158864847867243517e-14
5.718688125154279288e-15
-1.616190663287367491e-14
0.000000000000000000e+00
-8.307307752138387442e-15
1.005424164954336033e-14
3.940165884497017789e-15
4.499034982127231225e-15
-1.459203149122572528e-14
0.000000000000000000e+00
7.883457066718718322e-15
-1.289066214515972926e-14
-2.366436673774565384e-15
1.589815080008736600e-15
5.282650034731842863e-16
-1.760883344910588650e-16
-7.949075400043555794e-16
0.000000000000000000e+00
9.023463501611901833e-15
-9.854321333398611684e-15
-1.448018718388385849e-14
3.648007872806358745e-15
-4.499034982127250947e-15
-1.970082942248449178e-14
-1.005424164954282390e-14
0.000000000000000000e+00
1.532398097282363846e-14
1.616190663287251371e-14
-2.859344062577274224e-14
-2.376494198781159534e-14
