6.807034385813173216e-01
6.807034385812973376e-01
6.807034385812656963e-01
6.807034385812771315e-01
6.807034385813188759e-01
6.807034385813063304e-01
6.807034385812498201e-01
6.807034385812709143e-01
6.807034385812317234e-01
6.807034385813168775e-01
6.807034385812656963e-01
6.807034385812993360e-01
6.807034385812732458e-01
6.807034385813128807e-01
6.807034385812834598e-01
6.807034385812898991e-01
6.807034385812880117e-01
6.807034385812952282e-01
6.807034385813076627e-01
6.807034385812483768e-01
6.807034385813336419e-01
6.807034385812242849e-01
6.807034385812885668e-01
6.807034385812731347e-01
6.807034385812558153e-01
6.807034385813108823e-01
6.807034385812720245e-01
6.807034385812901212e-01
6.807034385812855692e-01
6.807034385813328647e-01
6.720327133930800168e-01
6.720327133930197316e-01
6.720327133930901198e-01
6.720327133931116581e-01
6.720327133930504848e-01
6.720327133931204289e-01
6.720327133930451557e-01
6.720327133930906749e-01
6.720327133930777963e-01
6.720327133930762420e-01
6.720327133930538155e-01
6.720327133930638075e-01
6.720327133930199537e-01
6.720327133930685815e-01
6.720327133930772412e-01
6.720327133930623642e-01
6.720327133930690255e-01
6.720327133930186214e-01
6.720327133930427133e-01
6.720327133930895647e-01
6.720327133930986685e-01
6.720327133931262020e-01
6.720327133930770191e-01
6.720327133930528163e-01
6.720327133930875663e-01
6.720327133930349417e-01
6.720327133930869001e-01
6.720327133930759089e-01
6.720327133930245056e-01
6.720327133930791286e-01
6.853610321844736397e-01
6.853610321845229336e-01
6.853610321845181597e-01
6.853610321845151621e-01
6.853610321845339248e-01
6.853610321845315934e-01
6.853610321845345910e-01
6.853610321845682307e-01
6.853610321845218234e-01
6.853610321844935127e-01
6.853610321845208242e-01
6.853610321845150510e-01
6.853610321845355902e-01
6.853610321845335918e-01
6.853610321845229336e-01
6.853610321845277076e-01
6.853610321845299280e-01
6.853610321845191589e-01
6.853610321845112763e-01
6.853610321845297060e-01
6.853610321845007292e-01
6.853610321845432507e-01
6.853610321845370335e-01
6.853610321845092779e-01
6.853610321845254871e-01
6.853610321845284847e-01
6.853610321845143849e-01
6.853610321845068354e-01
6.853610321845288178e-01
6.853610321845052811e-01
7.097895825021066640e-01
7.097895825020917870e-01
7.097895825020953398e-01
7.097895825020915650e-01
7.097895825021245386e-01
7.097895825020934524e-01
7.097895825021161009e-01
7.097895825020879013e-01
7.097895825020871241e-01
7.097895825021141025e-01
7.097895825020841265e-01
7.097895825021007798e-01
7.097895825021210969e-01
7.097895825020945626e-01
7.097895825020812399e-01
7.097895825020820171e-01
7.097895825021161009e-01
7.097895825020955618e-01
7.097895825020797966e-01
7.097895825020676952e-01
7.097895825020837934e-01
7.097895825020981153e-01
7.097895825020755778e-01
7.097895825020965610e-01
7.097895825020741345e-01
7.097895825021190985e-01
7.097895825020948957e-01
7.097895825020733573e-01
7.097895825021205418e-01
7.097895825020940075e-01
7.135603267325767440e-01
7.135603267325861809e-01
7.135603267325971721e-01
7.135603267326017241e-01
7.135603267325784094e-01
7.135603267325749677e-01
7.135603267325824062e-01
7.135603267326046106e-01
7.135603267325801857e-01
7.135603267325830723e-01
7.135603267326022792e-01
7.135603267326061649e-01
7.135603267325846266e-01
7.135603267326030563e-01
7.135603267325816290e-01
7.135603267325943966e-01
7.135603267326080523e-01
7.135603267326011689e-01
7.135603267326057209e-01
7.135603267325982824e-01
7.135603267326053878e-01
7.135603267325709709e-01
7.135603267326007249e-01
7.135603267325805188e-01
7.135603267325707488e-01
7.135603267325900667e-01
7.135603267325951737e-01
7.135603267325890675e-01
7.135603267325971721e-01
7.135603267325657528e-01
6.906935148449717676e-01
6.906935148449722117e-01
6.906935148449652173e-01
6.906935148449730999e-01
6.906935148449845352e-01
6.906935148449828699e-01
6.906935148449787620e-01
6.906935148449703243e-01
6.906935148449747652e-01
6.906935148449842021e-01
6.906935148449578898e-01
6.906935148449533379e-01
6.906935148449458994e-01
6.906935148449873108e-01
6.906935148449692141e-01
6.906935148449723227e-01
6.906935148449743211e-01
6.906935148449611095e-01
6.906935148449743211e-01
6.906935148449599993e-01
6.906935148449835360e-01
6.906935148449843132e-01
6.906935148449774298e-01
6.906935148449758755e-01
6.906935148449907524e-01
6.906935148449847572e-01
6.906935148449655504e-01
6.906935148449675488e-01
6.906935148449739881e-01
6.906935148449643291e-01
6.731645173315794484e-01
6.731645173315831121e-01
6.731645173315810027e-01
6.731645173315975450e-01
6.731645173315767838e-01
6.731645173315918829e-01
6.731645173315924380e-01
6.731645173315854436e-01
6.731645173315903286e-01
6.731645173315814468e-01
6.731645173316003206e-01
6.731645173315798925e-01
6.731645173315767838e-01
6.731645173315947694e-01
6.731645173315879971e-01
6.731645173315908837e-01
6.731645173315893294e-01
6.731645173315766728e-01
6.731645173315750075e-01
6.731645173315962127e-01
6.731645173315909947e-01
6.731645173315995434e-01
6.731645173315911057e-01
6.731645173315866648e-01
6.731645173315919939e-01
6.731645173315738973e-01
6.731645173315955466e-01
6.731645173315788933e-01
6.731645173315884412e-01
6.731645173315781161e-01
6.769223798036351214e-01
6.769223798036404505e-01
6.769223798036478890e-01
6.769223798036437811e-01
6.769223798036512196e-01
6.769223798036451134e-01
6.769223798036447803e-01
6.769223798036448914e-01
6.769223798036421158e-01
6.769223798036442252e-01
6.769223798036474449e-01
6.769223798036424489e-01
6.769223798036461126e-01
6.769223798036447803e-01
6.769223798036521078e-01
6.769223798036508866e-01
6.769223798036454465e-01
6.769223798036474449e-01
6.769223798036496653e-01
6.769223798036473339e-01
6.769223798036425599e-01
6.769223798036366757e-01
6.769223798036460016e-01
6.769223798036402284e-01
6.769223798036411166e-01
6.769223798036526629e-01
6.769223798036461126e-01
6.769223798036475559e-01
6.769223798036431150e-01
6.769223798036378970e-01
6.993059249154017776e-01
6.993059249154018886e-01
6.993059249154037760e-01
6.993059249154086610e-01
6.993059249154062185e-01
6.993059249154126578e-01
6.993059249154115475e-01
6.993059249154122137e-01
6.993059249154111034e-01
6.993059249154069956e-01
6.993059249154042201e-01
6.993059249154014445e-01
6.993059249154114365e-01
6.993059249154072177e-01
6.993059249154103263e-01
6.993059249154143231e-01
6.993059249154065515e-01
6.993059249154112145e-01
6.993059249153981138e-01
6.993059249154102153e-01
6.993059249154078838e-01
6.993059249154138790e-01
6.993059249154144341e-01
6.993059249154087720e-01
6.993059249154124357e-01
6.993059249154113255e-01
6.993059249154088830e-01
6.993059249154005563e-01
6.993059249153996682e-01
6.993059249154024437e-01
7.162620183039439814e-01
7.162620183039379862e-01
7.162620183039251076e-01
7.162620183039503097e-01
7.162620183039449806e-01
7.162620183039424271e-01
7.162620183039383193e-01
7.162620183039394295e-01
7.162620183039458688e-01
7.162620183039367650e-01
7.162620183039454247e-01
7.162620183039412058e-01
7.162620183039380972e-01
7.162620183039414279e-01
7.162620183039408728e-01
7.162620183039382082e-01
7.162620183039387634e-01
7.162620183039398736e-01
7.162620183039392074e-01
7.162620183039439814e-01
7.162620183039365429e-01
7.162620183039406507e-01
7.162620183039410948e-01
7.162620183039400956e-01
7.162620183039410948e-01
7.162620183039398736e-01
7.162620183039448696e-01
7.162620183039350996e-01
7.162620183039386523e-01
7.162620183039437594e-01
7.021480344954784680e-01
7.021480344954786901e-01
7.021480344954789121e-01
7.021480344954793562e-01
7.021480344954847963e-01
7.021480344954816877e-01
7.021480344954786901e-01
7.021480344954770247e-01
7.021480344954792452e-01
7.021480344954762476e-01
7.021480344954754704e-01
7.021480344954788011e-01
7.021480344954820207e-01
7.021480344954734720e-01
7.021480344954788011e-01
7.021480344954794672e-01
7.021480344954732500e-01
7.021480344954829089e-01
7.021480344954775799e-01
7.021480344954771358e-01
7.021480344954740271e-01
7.021480344954794672e-01
7.021480344954788011e-01
7.021480344954798003e-01
7.021480344954823538e-01
7.021480344954847963e-01
7.021480344954764696e-01
7.021480344954793562e-01
7.021480344954794672e-01
7.021480344954790231e-01
6.786937258941004858e-01
6.786937258941018181e-01
6.786937258941009299e-01
6.786937258941008189e-01
6.786937258941045936e-01
6.786937258941000417e-01
6.786937258941003748e-01
6.786937258940997086e-01
6.786937258941028173e-01
6.786937258940993756e-01
6.786937258940972661e-01
6.786937258940995976e-01
6.786937258941009299e-01
6.786937258941005968e-01
6.786937258940990425e-01
6.786937258940993756e-01
6.786937258941012630e-01
6.786937258941008189e-01
6.786937258940993756e-01
6.786937258940984874e-01
6.786937258940991535e-01
6.786937258941035944e-01
6.786937258940990425e-01
6.786937258941023732e-01
6.786937258940984874e-01
6.786937258941042606e-01
6.786937258941008189e-01
6.786937258941020401e-01
6.786937258941024842e-01
6.786937258940985984e-01
6.724580468091267971e-01
6.724580468091264640e-01
6.724580468091276853e-01
6.724580468091284624e-01
6.724580468091276853e-01
6.724580468091273522e-01
6.724580468091272412e-01
6.724580468091282404e-01
6.724580468091275742e-01
6.724580468091263530e-01
6.724580468091270191e-01
6.724580468091272412e-01
6.724580468091284624e-01
6.724580468091267971e-01
6.724580468091285734e-01
6.724580468091285734e-01
6.724580468091273522e-01
6.724580468091281293e-01
6.724580468091274632e-01
6.724580468091276853e-01
6.724580468091267971e-01
6.724580468091275742e-01
6.724580468091273522e-01
6.724580468091275742e-01
6.724580468091280183e-01
6.724580468091275742e-01
6.724580468091286845e-01
6.724580468091275742e-01
6.724580468091274632e-01
6.724580468091269081e-01
6.879587352142839674e-01
6.879587352142836343e-01
6.879587352142834122e-01
6.879587352142838563e-01
6.879587352142834122e-01
6.879587352142837453e-01
6.879587352142836343e-01
6.879587352142841894e-01
6.879587352142835233e-01
6.879587352142835233e-01
6.879587352142838563e-01
6.879587352142838563e-01
6.879587352142839674e-01
6.879587352142836343e-01
6.879587352142838563e-01
6.879587352142836343e-01
6.879587352142837453e-01
6.879587352142837453e-01
6.879587352142838563e-01
6.879587352142838563e-01
6.879587352142834122e-01
6.879587352142836343e-01
6.879587352142844114e-01
6.879587352142837453e-01
6.879587352142837453e-01
6.879587352142834122e-01
6.879587352142837453e-01
6.879587352142835233e-01
6.879587352142838563e-01
6.879587352142838563e-01
7.118442170422675241e-01
7.118442170422677462e-01
7.118442170422676352e-01
7.118442170422677462e-01
7.118442170422674131e-01
7.118442170422675241e-01
7.118442170422677462e-01
7.118442170422677462e-01
7.118442170422677462e-01
7.118442170422677462e-01
7.118442170422675241e-01
7.118442170422675241e-01
7.118442170422677462e-01
7.118442170422676352e-01
7.118442170422675241e-01
7.118442170422677462e-01
7.118442170422675241e-01
7.118442170422677462e-01
7.118442170422675241e-01
7.118442170422677462e-01
7.118442170422677462e-01
7.118442170422677462e-01
7.118442170422678572e-01
7.118442170422677462e-01
7.118442170422675241e-01
7.118442170422674131e-01
7.118442170422675241e-01
7.118442170422676352e-01
7.118442170422677462e-01
7.118442170422675241e-01
7.118442170422673021e-01
7.118442170422673021e-01
7.118442170422673021e-01
7.118442170422674131e-01
7.118442170422674131e-01
7.118442170422674131e-01
7.118442170422673021e-01
7.118442170422675241e-01
7.118442170422674131e-01
7.118442170422674131e-01
7.118442170422675241e-01
7.118442170422674131e-01
7.118442170422674131e-01
7.118442170422673021e-01
7.118442170422674131e-01
7.118442170422675241e-01
7.118442170422671911e-01
7.118442170422674131e-01
7.118442170422674131e-01
7.118442170422676352e-01
7.118442170422673021e-01
7.118442170422671911e-01
7.118442170422674131e-01
7.118442170422671911e-01
7.118442170422671911e-01
7.118442170422674131e-01
7.118442170422673021e-01
7.118442170422673021e-01
7.118442170422673021e-01
7.118442170422673021e-01
6.879587352142831902e-01
6.879587352142831902e-01
6.879587352142828571e-01
6.879587352142827461e-01
6.879587352142831902e-01
6.879587352142829682e-01
6.879587352142829682e-01
6.879587352142833012e-01
6.879587352142829682e-01
6.879587352142834122e-01
6.879587352142831902e-01
6.879587352142828571e-01
6.879587352142825241e-01
6.879587352142829682e-01
6.879587352142833012e-01
6.879587352142833012e-01
6.879587352142828571e-01
6.879587352142829682e-01
6.879587352142830792e-01
6.879587352142833012e-01
6.879587352142831902e-01
6.879587352142831902e-01
6.879587352142834122e-01
6.879587352142827461e-01
6.879587352142831902e-01
6.879587352142831902e-01
6.879587352142829682e-01
6.879587352142830792e-01
6.879587352142831902e-01
6.879587352142834122e-01
6.724580468091277963e-01
6.724580468091283514e-01
6.724580468091275742e-01
6.724580468091270191e-01
6.724580468091271301e-01
6.724580468091282404e-01
6.724580468091271301e-01
6.724580468091267971e-01
6.724580468091280183e-01
6.724580468091270191e-01
6.724580468091267971e-01
6.724580468091274632e-01
6.724580468091265750e-01
6.724580468091271301e-01
6.724580468091272412e-01
6.724580468091275742e-01
6.724580468091272412e-01
6.724580468091270191e-01
6.724580468091273522e-01
6.724580468091275742e-01
6.724580468091274632e-01
6.724580468091277963e-01
6.724580468091269081e-01
6.724580468091276853e-01
6.724580468091274632e-01
6.724580468091277963e-01
6.724580468091283514e-01
6.724580468091281293e-01
6.724580468091280183e-01
6.724580468091273522e-01
6.786937258940998197e-01
6.786937258941018181e-01
6.786937258941025952e-01
6.786937258941004858e-01
6.786937258941025952e-01
6.786937258940995976e-01
6.786937258940989315e-01
6.786937258940988205e-01
6.786937258941033724e-01
6.786937258941012630e-01
6.786937258941005968e-01
6.786937258941019291e-01
6.786937258940998197e-01
6.786937258941009299e-01
6.786937258941012630e-01
6.786937258941003748e-01
6.786937258941020401e-01
6.786937258941028173e-01
6.786937258941002638e-01
6.786937258941017070e-01
6.786937258941002638e-01
6.786937258941017070e-01
6.786937258940987094e-01
6.786937258940985984e-01
6.786937258940997086e-01
6.786937258941009299e-01
6.786937258941015960e-01
6.786937258941017070e-01
6.786937258941010409e-01
6.786937258940995976e-01
7.021480344954795783e-01
7.021480344954723618e-01
7.021480344954775799e-01
7.021480344954769137e-01
7.021480344954780239e-01
7.021480344954770247e-01
7.021480344954812436e-01
7.021480344954774688e-01
7.021480344954795783e-01
7.021480344954771358e-01
7.021480344954805775e-01
7.021480344954763586e-01
7.021480344954735830e-01
7.021480344954775799e-01
7.021480344954773578e-01
7.021480344954770247e-01
7.021480344954751374e-01
7.021480344954752484e-01
7.021480344954759145e-01
7.021480344954781350e-01
7.021480344954799113e-01
7.021480344954766917e-01
7.021480344954775799e-01
7.021480344954755815e-01
7.021480344954750263e-01
7.021480344954759145e-01
7.021480344954749153e-01
7.021480344954765807e-01
7.021480344954732500e-01
7.021480344954800223e-01
7.162620183039472010e-01
7.162620183039417610e-01
7.162620183039414279e-01
7.162620183039383193e-01
7.162620183039406507e-01
7.162620183039424271e-01
7.162620183039416499e-01
7.162620183039495325e-01
7.162620183039434263e-01
7.162620183039439814e-01
7.162620183039425381e-01
7.162620183039439814e-01
7.162620183039473121e-01
7.162620183039389854e-01
7.162620183039410948e-01
7.162620183039443145e-01
7.162620183039383193e-01
7.162620183039454247e-01
7.162620183039396515e-01
7.162620183039434263e-01
7.162620183039426491e-01
7.162620183039436483e-01
7.162620183039497546e-01
7.162620183039446475e-01
7.162620183039384303e-01
7.162620183039393185e-01
7.162620183039353217e-01
7.162620183039412058e-01
7.162620183039444255e-01
7.162620183039476451e-01
6.993059249154157664e-01
6.993059249154099932e-01
6.993059249154190971e-01
6.993059249154234269e-01
6.993059249154152113e-01
6.993059249154142121e-01
6.993059249154093271e-01
6.993059249154099932e-01
6.993059249154152113e-01
6.993059249154097712e-01
6.993059249154154333e-01
6.993059249154222057e-01
6.993059249154159884e-01
6.993059249154062185e-01
6.993059249154129908e-01
6.993059249154103263e-01
6.993059249154037760e-01
6.993059249154187640e-01
6.993059249154219836e-01
6.993059249154152113e-01
6.993059249154062185e-01
6.993059249154092161e-01
6.993059249154109924e-01
6.993059249154088830e-01
6.993059249154112145e-01
6.993059249154115475e-01
6.993059249154106594e-01
6.993059249154194301e-01
6.993059249154152113e-01
6.993059249154087720e-01
6.769223798036413386e-01
6.769223798036463347e-01
6.769223798036504425e-01
6.769223798036543283e-01
6.769223798036367867e-01
6.769223798036485551e-01
6.769223798036427819e-01
6.769223798036545503e-01
6.769223798036537731e-01
6.769223798036461126e-01
6.769223798036496653e-01
6.769223798036360096e-01
6.769223798036366757e-01
6.769223798036466677e-01
6.769223798036555495e-01
6.769223798036502204e-01
6.769223798036496653e-01
6.769223798036414497e-01
6.769223798036412276e-01
6.769223798036480000e-01
6.769223798036513307e-01
6.769223798036565487e-01
6.769223798036539952e-01
6.769223798036474449e-01
6.769223798036499984e-01
6.769223798036431150e-01
6.769223798036526629e-01
6.769223798036547723e-01
6.769223798036446693e-01
6.769223798036441142e-01
6.731645173315851105e-01
6.731645173315903286e-01
6.731645173315886632e-01
6.731645173315776720e-01
6.731645173315871089e-01
6.731645173315945474e-01
6.731645173315868869e-01
6.731645173315723429e-01
6.731645173315836672e-01
6.731645173315844444e-01
6.731645173315926600e-01
6.731645173315757846e-01
6.731645173315807806e-01
6.731645173315833341e-01
6.731645173315877750e-01
6.731645173315853325e-01
6.731645173315820019e-01
6.731645173315873310e-01
6.731645173315774500e-01
6.731645173315912167e-01
6.731645173315891073e-01
6.731645173315881081e-01
6.731645173315838893e-01
6.731645173315893294e-01
6.731645173315912167e-01
6.731645173315816688e-01
6.731645173315932151e-01
6.731645173315945474e-01
6.731645173315977670e-01
6.731645173315837782e-01
6.906935148449808715e-01
6.906935148449890871e-01
6.906935148449795392e-01
6.906935148449683259e-01
6.906935148449817596e-01
6.906935148449799833e-01
6.906935148449796502e-01
6.906935148449887540e-01
6.906935148449828699e-01
6.906935148449773187e-01
6.906935148449819817e-01
6.906935148449568906e-01
6.906935148449643291e-01
6.906935148449637740e-01
6.906935148449765416e-01
6.906935148449845352e-01
6.906935148449806494e-01
6.906935148449673267e-01
6.906935148449667716e-01
6.906935148449807604e-01
6.906935148449765416e-01
6.906935148449924178e-01
6.906935148449842021e-01
6.906935148449799833e-01
6.906935148449686590e-01
6.906935148449609985e-01
6.906935148449735440e-01
6.906935148449886430e-01
6.906935148449884210e-01
6.906935148449788731e-01
7.135603267325854038e-01
7.135603267325943966e-01
7.135603267326001697e-01
7.135603267326123822e-01
7.135603267325755228e-01
7.135603267325970611e-01
7.135603267325735244e-01
7.135603267325949517e-01
7.135603267325802967e-01
7.135603267325931753e-01
7.135603267325881793e-01
7.135603267326061649e-01
7.135603267325915100e-01
7.135603267325802967e-01
7.135603267325894006e-01
7.135603267325865140e-01
7.135603267325808519e-01
7.135603267325908439e-01
7.135603267325905108e-01
7.135603267325675292e-01
7.135603267326106058e-01
7.135603267325967280e-01
7.135603267325976162e-01
7.135603267325577592e-01
7.135603267325923982e-01
7.135603267325786314e-01
7.135603267325921761e-01
7.135603267325835164e-01
7.135603267325929533e-01
7.135603267325960619e-01
7.097895825021059979e-01
7.097895825021113270e-01
7.097895825021134364e-01
7.097895825020851257e-01
7.097895825020994476e-01
7.097895825020970051e-01
7.097895825020972271e-01
7.097895825020814620e-01
7.097895825020816840e-01
7.097895825020720251e-01
7.097895825020922311e-01
7.097895825020965610e-01
7.097895825020845706e-01
7.097895825021094396e-01
7.097895825021006688e-01
7.097895825021015570e-01
7.097895825020931193e-01
7.097895825021031113e-01
7.097895825020896776e-01
7.097895825021058869e-01
7.097895825020509308e-01
7.097895825020827942e-01
7.097895825020810179e-01
7.097895825020937854e-01
7.097895825021043326e-01
7.097895825021155458e-01
7.097895825020735794e-01
7.097895825021124372e-01
7.097895825021095506e-01
7.097895825020819061e-01
6.853610321845221565e-01
6.853610321845351461e-01
6.853610321845563513e-01
6.853610321845261533e-01
6.853610321845280406e-01
6.853610321845544640e-01
6.853610321845018394e-01
6.853610321845353681e-01
6.853610321845082787e-01
6.853610321845289288e-01
6.853610321845423625e-01
6.853610321845168274e-01
6.853610321845452491e-01
6.853610321845150510e-01
6.853610321845391429e-01
6.853610321845399200e-01
6.853610321845158282e-01
6.853610321845414743e-01
6.853610321845413633e-01
6.853610321845513553e-01
6.853610321845309272e-01
6.853610321844857411e-01
6.853610321845099440e-01
6.853610321844929576e-01
6.853610321845622355e-01
6.853610321845446940e-01
6.853610321845456932e-01
6.853610321845449160e-01
6.853610321845488018e-01
6.853610321845057252e-01
6.720327133930852348e-01
6.720327133930467101e-01
6.720327133930686925e-01
6.720327133930840136e-01
6.720327133930831254e-01
6.720327133930664720e-01
6.720327133930543706e-01
6.720327133930585894e-01
6.720327133930442676e-01
6.720327133930227292e-01
6.720327133930404928e-01
6.720327133930578123e-01
6.720327133930457109e-01
6.720327133930682484e-01
6.720327133930390495e-01
6.720327133930347197e-01
6.720327133930747987e-01
6.720327133930442676e-01
6.720327133930710239e-01
6.720327133930386054e-01
6.720327133930249497e-01
6.720327133930649177e-01
6.720327133930623642e-01
6.720327133930393826e-01
6.720327133930767971e-01
6.720327133930598107e-01
6.720327133930734664e-01
6.720327133930700247e-01
6.720327133930518171e-01
6.720327133930621422e-01
6.807034385813032218e-01
6.807034385812782418e-01
6.807034385812813504e-01
6.807034385812776867e-01
6.807034385812698041e-01
6.807034385812971156e-01
6.807034385813215405e-01
6.807034385813143240e-01
6.807034385812839039e-01
6.807034385812835708e-01
6.807034385812739119e-01
6.807034385812528177e-01
6.807034385813177657e-01
6.807034385812906763e-01
6.807034385812935628e-01
6.807034385812777977e-01
6.807034385812720245e-01
6.807034385813015565e-01
6.807034385812819055e-01
6.807034385812954502e-01
6.807034385813001132e-01
6.807034385812835708e-01
6.807034385813227617e-01
6.807034385813131028e-01
6.807034385812917865e-01
6.807034385812782418e-01
6.807034385812729127e-01
6.807034385812736899e-01
6.807034385812956723e-01
6.807034385813315325e-01
