3.121659810586626671e-01
3.123526941502086651e-01
3.123526941501320042e-01
3.123526941501255094e-01
3.123526941501916787e-01
3.123526941505995191e-01
3.123526941502938192e-01
3.123526941502592913e-01
3.123526941502984822e-01
3.123526941502339227e-01
3.123526941501584830e-01
3.123526941502774434e-01
3.123526941501400533e-01
3.123526941503954601e-01
3.123526941500757714e-01
3.123526941501902354e-01
3.123526941502026699e-01
3.123526941501682530e-01
3.123526941503170784e-01
3.123526941502534071e-01
3.123526941502753895e-01
3.123526941502434706e-01
3.123526941501634790e-01
3.123526941501509890e-01
3.123526941504120025e-01
3.123526941503956822e-01
3.123526941501752474e-01
3.123526941501443832e-01
3.123526941501952869e-01
3.123526941500839871e-01
3.123526941502925980e-01
3.123526941503436682e-01
3.123526941500404108e-01
3.123526941501916787e-01
3.123526941502635101e-01
3.123526941501513221e-01
3.123526941504257692e-01
3.123526941502254850e-01
3.123526941503310117e-01
3.123526941502673404e-01
3.123526941502660637e-01
3.123526941502423604e-01
3.123526941502294263e-01
3.123526941502065002e-01
3.123526941505935239e-01
3.123526941501635346e-01
3.123526941500960330e-01
3.123526941501333920e-01
3.123526941502562937e-01
3.121659810586626671e-01
3.188260984589567082e-01
3.188260984592568015e-01
3.188260984591921865e-01
3.188260984590738922e-01
3.188260984589689206e-01
3.188260984588406344e-01
3.188260984589243452e-01
3.188260984590197133e-01
3.188260984590363667e-01
3.188260984590158831e-01
3.188260984589881275e-01
3.188260984590141622e-01
3.188260984590033376e-01
3.188260984588939251e-01
3.188260984592720670e-01
3.188260984589804670e-01
3.188260984588788816e-01
3.188260984590502445e-01
3.188260984591505531e-01
3.188260984590867153e-01
3.188260984592449221e-01
3.188260984591749780e-01
3.188260984590249869e-01
3.188260984593189740e-01
3.188260984589773028e-01
3.188260984589967317e-01
3.188260984591916869e-01
3.188260984589733060e-01
3.188260984591597680e-01
3.188260984591676506e-01
3.188260984590616798e-01
3.188260984591389513e-01
3.188260984590333136e-01
3.188260984589270652e-01
3.188260984589667002e-01
3.188260984591015368e-01
3.188260984588959235e-01
3.188260984589871283e-01
3.188260984590773894e-01
3.188260984589716962e-01
3.188260984590820524e-01
3.188260984590023384e-01
3.188260984591152480e-01
3.188260984588858760e-01
3.188260984588418001e-01
3.188260984590467473e-01
3.188260984591216318e-01
3.188260984592194425e-01
3.188260984592724556e-01
3.188260984590314817e-01
3.134466620834599482e-01
3.134466620835960615e-01
3.134466620834779338e-01
3.134466620834676642e-01
3.134466620835696382e-01
3.134466620836219297e-01
3.134466620834932549e-01
3.134466620835026363e-01
3.134466620834478467e-01
3.134466620833849526e-01
3.134466620835247852e-01
3.134466620834907014e-01
3.134466620835503203e-01
3.134466620835085204e-01
3.134466620836007245e-01
3.134466620834462369e-01
3.134466620835270056e-01
3.134466620836003914e-01
3.134466620835383299e-01
3.134466620833129546e-01
3.134466620836339201e-01
3.134466620835506534e-01
3.134466620834816530e-01
3.134466620835427153e-01
3.134466620835512085e-01
3.134466620836183215e-01
3.134466620835198447e-01
3.134466620834390205e-01
3.134466620834448491e-01
3.134466620835313910e-01
3.134466620833405992e-01
3.134466620835131279e-01
3.134466620834880368e-01
3.134466620834515660e-01
3.134466620833687434e-01
3.134466620835063555e-01
3.134466620835781869e-01
3.134466620834850392e-01
3.134466620834937545e-01
3.134466620835713591e-01
3.134466620833144535e-01
3.134466620834314154e-01
3.134466620834816530e-01
3.134466620835086315e-01
3.134466620836700579e-01
3.134466620835923423e-01
3.134466620833967765e-01
3.134466620835617001e-01
3.134466620835467121e-01
3.134466620835967277e-01
3.149980900472760803e-01
3.149980900473426937e-01
3.149980900472691969e-01
3.149980900473626222e-01
3.149980900473845491e-01
3.149980900471945344e-01
3.149980900473524636e-01
3.149980900471381906e-01
3.149980900472313938e-01
3.149980900472068024e-01
3.149980900472804102e-01
3.149980900471249234e-01
3.149980900473446921e-01
3.149980900473077217e-01
3.149980900472502121e-01
3.149980900470694678e-01
3.149980900472672540e-01
3.149980900473263734e-01
3.149980900472660883e-01
3.149980900472145184e-01
3.149980900472371670e-01
3.149980900473160483e-01
3.149980900472047485e-01
3.149980900472869605e-01
3.149980900472574286e-01
3.149980900473218215e-01
3.149980900472462708e-01
3.149980900471776035e-01
3.149980900473008383e-01
3.149980900472129086e-01
3.149980900472746925e-01
3.149980900472549861e-01
3.149980900473451917e-01
3.149980900472772460e-01
3.149980900470973344e-01
3.149980900472976741e-01
3.149980900474114720e-01
3.149980900472973966e-01
3.149980900471603396e-01
3.149980900472797996e-01
3.149980900471509582e-01
3.149980900471991418e-01
3.149980900471874845e-01
3.149980900473825507e-01
3.149980900472255652e-01
3.149980900473854373e-01
3.149980900473900447e-01
3.149980900472971745e-01
3.149980900473388634e-01
3.149980900472840184e-01
3.180408635975112697e-01
3.180408635973158149e-01
3.180408635973999143e-01
3.180408635973873688e-01
3.180408635975333631e-01
3.180408635974894538e-01
3.180408635975080500e-01
3.180408635974595888e-01
3.180408635973872022e-01
3.180408635977492460e-01
3.180408635974730780e-01
3.180408635975224829e-01
3.180408635973938081e-01
3.180408635974098508e-01
3.180408635973606679e-01
3.180408635975067733e-01
3.180408635974448228e-01
3.180408635973989706e-01
3.180408635973829834e-01
3.180408635974127374e-01
3.180408635973258069e-01
3.180408635975141007e-01
3.180408635974443232e-01
3.180408635974064091e-01
3.180408635974661391e-01
3.180408635975372489e-01
3.180408635974027454e-01
3.180408635974448228e-01
3.180408635975306986e-01
3.180408635973662745e-01
3.180408635973765996e-01
3.180408635973940856e-01
3.180408635973697162e-01
3.180408635974510956e-01
3.180408635975781051e-01
3.180408635973382969e-01
3.180408635974706910e-01
3.180408635973666631e-01
3.180408635974799059e-01
3.180408635974068532e-01
3.180408635976723075e-01
3.180408635974419918e-01
3.180408635974985576e-01
3.180408635974266152e-01
3.180408635975680576e-01
3.180408635974821818e-01
3.180408635974603104e-01
3.180408635974845688e-01
3.180408635972631903e-01
3.180408635973424047e-01
3.119591709702129734e-01
3.119591709700563764e-01
3.119591709702034255e-01
3.119591709700205717e-01
3.119591709702010940e-01
3.119591709701841076e-01
3.119591709701744486e-01
3.119591709701708404e-01
3.119591709700251791e-01
3.119591709700613724e-01
3.119591709701974303e-01
3.119591709701119986e-01
3.119591709699982562e-01
3.119591709700719195e-01
3.119591709699974791e-01
3.119591709699505722e-01
3.119591709700476612e-01
3.119591709701181603e-01
3.119591709701581839e-01
3.119591709701040050e-01
3.119591709701099447e-01
3.119591709701308724e-01
3.119591709700402227e-01
3.119591709702058679e-01
3.119591709701162729e-01
3.119591709701153293e-01
3.119591709701283744e-01
3.119591709699465198e-01
3.119591709701133309e-01
3.119591709701248772e-01
3.119591709701247662e-01
3.119591709701469706e-01
3.119591709701083904e-01
3.119591709700489379e-01
3.119591709699717219e-01
3.119591709699656157e-01
3.119591709700927917e-01
3.119591709700491045e-01
3.119591709700583748e-01
3.119591709701456383e-01
3.119591709700730853e-01
3.119591709700075266e-01
3.119591709702646543e-01
3.119591709702125293e-01
3.119591709702047577e-01
3.119591709701873827e-01
3.119591709701091675e-01
3.119591709702441151e-01
3.119591709701068361e-01
3.119591709702173588e-01
3.180408635974549258e-01
3.180408635973598908e-01
3.180408635974097398e-01
3.180408635974259490e-01
3.180408635974519838e-01
3.180408635974462106e-01
3.180408635974663611e-01
3.180408635974016907e-01
3.180408635973762110e-01
3.180408635974525944e-01
3.180408635975123799e-01
3.180408635973007714e-01
3.180408635974162901e-01
3.180408635974534270e-01
3.180408635973880349e-01
3.180408635974361631e-01
3.180408635975082721e-01
3.180408635974421028e-01
3.180408635974714682e-01
3.180408635974280029e-01
3.180408635974691367e-01
3.180408635974401044e-01
3.180408635973953069e-01
3.180408635974978360e-01
3.180408635974900644e-01
3.180408635973972498e-01
3.180408635974556475e-01
3.180408635974438791e-01
3.180408635973814846e-01
3.180408635973983045e-01
3.180408635974315001e-01
3.180408635975068843e-01
3.180408635975053300e-01
3.180408635974105169e-01
3.180408635974079079e-01
3.180408635974382170e-01
3.180408635974839582e-01
3.180408635973707154e-01
3.180408635972960529e-01
3.180408635974838472e-01
3.180408635974513176e-01
3.180408635973631104e-01
3.180408635974095177e-01
3.180408635974393827e-01
3.180408635974780740e-01
3.180408635974494858e-01
3.180408635973827058e-01
3.180408635974864562e-01
3.180408635973202003e-01
3.180408635974456000e-01
3.149980900472522660e-01
3.149980900471980316e-01
3.149980900472287293e-01
3.149980900472342804e-01
3.149980900472421630e-01
3.149980900472468814e-01
3.149980900472754697e-01
3.149980900472462153e-01
3.149980900472428846e-01
3.149980900472951206e-01
3.149980900472802992e-01
3.149980900472250100e-01
3.149980900471939238e-01
3.149980900473594581e-01
3.149980900472349465e-01
3.149980900472550971e-01
3.149980900472496015e-01
3.149980900472481027e-01
3.149980900472173495e-01
3.149980900473364209e-01
3.149980900471863188e-01
3.149980900472628687e-01
3.149980900471748280e-01
3.149980900473473011e-01
3.149980900472349465e-01
3.149980900472342249e-01
3.149980900474110834e-01
3.149980900472240664e-01
3.149980900472269529e-01
3.149980900472051371e-01
3.149980900472551526e-01
3.149980900472436618e-01
3.149980900472100775e-01
3.149980900472535428e-01
3.149980900471833767e-01
3.149980900472742484e-01
3.149980900473016709e-01
3.149980900472251766e-01
3.149980900472325041e-01
3.149980900472316159e-01
3.149980900472629242e-01
3.149980900472423850e-01
3.149980900472553746e-01
3.149980900472856282e-01
3.149980900472800216e-01
3.149980900471980316e-01
3.149980900472451606e-01
3.149980900472167944e-01
3.149980900472161283e-01
3.149980900473164924e-01
3.134466620834160944e-01
3.134466620834674422e-01
3.134466620835831274e-01
3.134466620834622796e-01
3.134466620835030803e-01
3.134466620835583694e-01
3.134466620834506778e-01
3.134466620834478467e-01
3.134466620835420492e-01
3.134466620835104633e-01
3.134466620834897022e-01
3.134466620835438810e-01
3.134466620835289485e-01
3.134466620834310269e-01
3.134466620834848727e-01
3.134466620835024697e-01
3.134466620834427397e-01
3.134466620834770456e-01
3.134466620833735173e-01
3.134466620835283379e-01
3.134466620834337469e-01
3.134466620835344441e-01
3.134466620835435480e-01
3.134466620835163475e-01
3.134466620834845951e-01
3.134466620834907014e-01
3.134466620835373862e-01
3.134466620836038331e-01
3.134466620835565376e-01
3.134466620834718276e-01
3.134466620834977513e-01
3.134466620833121220e-01
3.134466620834211459e-01
3.134466620835218986e-01
3.134466620834248096e-01
3.134466620835482109e-01
3.134466620834239214e-01
3.134466620835750783e-01
3.134466620835384965e-01
3.134466620835376083e-01
3.134466620835046902e-01
3.134466620835577588e-01
3.134466620833699091e-01
3.134466620834552297e-01
3.134466620835765771e-01
3.134466620834907014e-01
3.134466620834368000e-01
3.134466620835346107e-01
3.134466620834630013e-01
3.134466620834074346e-01
3.188260984589524338e-01
3.188260984591039793e-01
3.188260984591130276e-01
3.188260984589986746e-01
3.188260984590078340e-01
3.188260984590494673e-01
3.188260984590539082e-01
3.188260984589860181e-01
3.188260984590410851e-01
3.188260984590967628e-01
3.188260984590042257e-01
3.188260984589956215e-01
3.188260984590512437e-01
3.188260984590421399e-01
3.188260984590612357e-01
3.188260984590817748e-01
3.188260984589992297e-01
3.188260984589831870e-01
3.188260984590465807e-01
3.188260984589909031e-01
3.188260984590107205e-01
3.188260984589911251e-01
3.188260984590357006e-01
3.188260984590092773e-01
3.188260984590021718e-01
3.188260984589386671e-01
3.188260984590514657e-01
3.188260984590690628e-01
3.188260984590490232e-01
3.188260984590113312e-01
3.188260984590218783e-01
3.188260984590474689e-01
3.188260984590005620e-01
3.188260984589982860e-01
3.188260984590478020e-01
3.188260984589967872e-01
3.188260984590186586e-01
3.188260984590338132e-01
3.188260984590896574e-01
3.188260984589739722e-01
3.188260984590760572e-01
3.188260984590161606e-01
3.188260984590166602e-01
3.188260984590569613e-01
3.188260984590577385e-01
3.188260984590186031e-01
3.188260984589996183e-01
3.188260984590782221e-01
3.188260984590959302e-01
3.188260984589989522e-01
3.123526941502375864e-01
3.123526941502668963e-01
3.123526941502743903e-01
3.123526941502686172e-01
3.123526941502684506e-01
3.123526941503066978e-01
3.123526941502881016e-01
3.123526941502745014e-01
3.123526941502385301e-01
3.123526941502499099e-01
3.123526941502780541e-01
3.123526941503343979e-01
3.123526941502415832e-01
3.123526941502751675e-01
3.123526941502723364e-01
3.123526941502625109e-01
3.123526941503098620e-01
3.123526941502893783e-01
3.123526941502597354e-01
3.123526941502837162e-01
3.123526941502999810e-01
3.123526941503656507e-01
3.123526941502320353e-01
3.123526941503266263e-01
3.123526941502569598e-01
3.123526941502760002e-01
3.123526941503242949e-01
3.123526941502409726e-01
3.123526941503249055e-01
3.123526941503197984e-01
3.123526941503049770e-01
3.123526941502238752e-01
3.123526941502952625e-01
3.123526941503111942e-01
3.123526941502726695e-01
3.123526941502332566e-01
3.123526941502886012e-01
3.123526941502478560e-01
3.123526941502694498e-01
3.123526941502351439e-01
3.123526941502510756e-01
3.123526941502702825e-01
3.123526941502977605e-01
3.123526941503013687e-01
3.123526941503069754e-01
3.123526941502585141e-01
3.123526941502903220e-01
3.123526941502628440e-01
3.123526941502794974e-01
3.123526941502495768e-01
3.166567429172900683e-01
3.166567429172902348e-01
3.166567429173152148e-01
3.166567429172763570e-01
3.166567429173559045e-01
3.166567429173292592e-01
3.166567429173479109e-01
3.166567429173188231e-01
3.166567429173304804e-01
3.166567429172983394e-01
3.166567429173466897e-01
3.166567429172951198e-01
3.166567429172979509e-01
3.166567429172834069e-01
3.166567429173305914e-01
3.166567429173108295e-01
3.166567429173586246e-01
3.166567429172886250e-01
3.166567429173090531e-01
3.166567429173109405e-01
3.166567429172901793e-01
3.166567429173469672e-01
3.166567429173225423e-01
3.166567429172761350e-01
3.166567429173412496e-01
3.166567429173035020e-01
3.166567429172800763e-01
3.166567429173188231e-01
3.166567429173821058e-01
3.166567429173073878e-01
3.166567429173133275e-01
3.166567429173330894e-01
3.166567429173190451e-01
3.166567429173407500e-01
3.166567429173305914e-01
3.166567429173592352e-01
3.166567429173353654e-01
3.166567429173001713e-01
3.166567429173125503e-01
3.166567429172706394e-01
3.166567429173463011e-01
3.166567429172930659e-01
3.166567429173104964e-01
3.166567429173731685e-01
3.166567429173230419e-01
3.166567429173579584e-01
3.166567429172811865e-01
3.166567429173283710e-01
3.166567429172966741e-01
3.166567429173226533e-01
3.166567429173178794e-01
3.166567429173075543e-01
3.166567429173565151e-01
3.166567429173356985e-01
3.166567429173149373e-01
3.166567429173322012e-01
3.166567429173230419e-01
3.166567429172874593e-01
3.166567429173745007e-01
3.166567429173587911e-01
3.166567429173086645e-01
3.166567429172879589e-01
3.166567429172668646e-01
3.166567429173237636e-01
3.166567429173179904e-01
3.166567429172765791e-01
3.166567429173259285e-01
3.166567429173034465e-01
3.166567429173480219e-01
3.166567429173152148e-01
3.166567429173393622e-01
3.166567429172958970e-01
3.166567429173461901e-01
3.166567429172925108e-01
3.166567429173557380e-01
3.166567429173411941e-01
3.166567429172602033e-01
3.166567429173292592e-01
3.166567429173018366e-01
3.166567429173610670e-01
3.166567429173116066e-01
3.166567429173449133e-01
3.166567429173095527e-01
3.166567429173279824e-01
3.166567429172627013e-01
3.166567429173224313e-01
3.166567429172812420e-01
3.166567429172349457e-01
3.166567429173249293e-01
3.166567429173069437e-01
3.166567429173751114e-01
3.166567429173718917e-01
3.166567429173021697e-01
3.166567429173457460e-01
3.166567429173384740e-01
3.166567429173353099e-01
3.166567429173407500e-01
3.166567429173274828e-01
3.166567429173253734e-01
3.166567429173000603e-01
3.123526941502936527e-01
3.123526941502598464e-01
3.123526941502670073e-01
3.123526941503034782e-01
3.123526941503000920e-01
3.123526941502660081e-01
3.123526941502740017e-01
3.123526941502641763e-01
3.123526941502580700e-01
3.123526941502684506e-01
3.123526941502527410e-01
3.123526941502803855e-01
3.123526941502597354e-01
3.123526941502660637e-01
3.123526941503079746e-01
3.123526941502819954e-01
3.123526941502917098e-01
3.123526941502741683e-01
3.123526941502731136e-01
3.123526941503121379e-01
3.123526941502469678e-01
3.123526941503014243e-01
3.123526941502639542e-01
3.123526941502878795e-01
3.123526941502982601e-01
3.123526941502642318e-01
3.123526941502945964e-01
3.123526941502644538e-01
3.123526941502851595e-01
3.123526941502445253e-01
3.123526941502945409e-01
3.123526941502650645e-01
3.123526941502791643e-01
3.123526941502862697e-01
3.123526941502731136e-01
3.123526941502851595e-01
3.123526941502815513e-01
3.123526941502811627e-01
3.123526941503064758e-01
3.123526941502667298e-01
3.123526941502585696e-01
3.123526941502920984e-01
3.123526941502753895e-01
3.123526941502796084e-01
3.123526941502406395e-01
3.123526941503158572e-01
3.123526941503185217e-01
3.123526941502632881e-01
3.123526941502403620e-01
3.123526941502997034e-01
3.188260984590297054e-01
3.188260984590253200e-01
3.188260984590206015e-01
3.188260984590467473e-01
3.188260984589931790e-01
3.188260984590154390e-01
3.188260984590392533e-01
3.188260984590225999e-01
3.188260984590288727e-01
3.188260984589992852e-01
3.188260984590119418e-01
3.188260984590166602e-01
3.188260984590421954e-01
3.188260984590217673e-01
3.188260984590476910e-01
3.188260984590240987e-01
3.188260984590233771e-01
3.188260984590175484e-01
3.188260984590201574e-01
3.188260984590212677e-01
3.188260984590703950e-01
3.188260984590197689e-01
3.188260984590252645e-01
3.188260984590415292e-01
3.188260984590312042e-01
3.188260984590223779e-01
3.188260984590560176e-01
3.188260984590112757e-01
3.188260984590272629e-01
3.188260984590270408e-01
3.188260984590309266e-01
3.188260984589942337e-01
3.188260984590150504e-01
3.188260984590274294e-01
3.188260984590360336e-01
3.188260984590371994e-01
3.188260984590212677e-01
3.188260984590402525e-01
3.188260984590161606e-01
3.188260984590224889e-01
3.188260984589886271e-01
3.188260984590129965e-01
3.188260984590233771e-01
3.188260984590502445e-01
3.188260984590250424e-01
3.188260984589786351e-01
3.188260984590738922e-01
3.188260984590085001e-01
3.188260984590128300e-01
3.188260984590166602e-01
3.134466620835007489e-01
3.134466620834904793e-01
3.134466620834969741e-01
3.134466620834657213e-01
3.134466620834982509e-01
3.134466620834995276e-01
3.134466620834854833e-01
3.134466620834608919e-01
3.134466620835024697e-01
3.134466620835179018e-01
3.134466620834799877e-01
3.134466620834829853e-01
3.134466620835046347e-01
3.134466620834991946e-01
3.134466620835067441e-01
3.134466620834984174e-01
3.134466620834943651e-01
3.134466620835092976e-01
3.134466620835378858e-01
3.134466620834834849e-01
3.134466620834961970e-01
3.134466620834778228e-01
3.134466620835165696e-01
3.134466620835015260e-01
3.134466620834864270e-01
3.134466620834809314e-01
3.134466620835107964e-01
3.134466620835145712e-01
3.134466620834830408e-01
3.134466620834970296e-01
3.134466620834959749e-01
3.134466620835347217e-01
3.134466620834908679e-01
3.134466620834965855e-01
3.134466620835139050e-01
3.134466620834839290e-01
3.134466620834791550e-01
3.134466620835026363e-01
3.134466620834984729e-01
3.134466620834917561e-01
3.134466620835164030e-01
3.134466620835009154e-01
3.134466620834683859e-01
3.134466620834932549e-01
3.134466620834787665e-01
3.134466620834854833e-01
3.134466620834581163e-01
3.134466620834923112e-01
3.134466620834920336e-01
3.134466620835006934e-01
3.149980900472699741e-01
3.149980900472878487e-01
3.149980900472683643e-01
3.149980900472619250e-01
3.149980900472678647e-01
3.149980900472496015e-01
3.149980900472594825e-01
3.149980900472458267e-01
3.149980900472483247e-01
3.149980900472656442e-01
3.149980900472688639e-01
3.149980900472674206e-01
3.149980900472508782e-01
3.149980900472624246e-01
3.149980900472683643e-01
3.149980900472750811e-01
3.149980900472660883e-01
3.149980900472446610e-01
3.149980900472955647e-01
3.149980900472524326e-01
3.149980900472562628e-01
3.149980900472750811e-01
3.149980900472657552e-01
3.149980900472498790e-01
3.149980900472476031e-01
3.149980900472588163e-01
3.149980900472635903e-01
3.149980900472725276e-01
3.149980900472728051e-01
3.149980900472513778e-01
3.149980900472709733e-01
3.149980900472813539e-01
3.149980900472508782e-01
3.149980900472593159e-01
3.149980900472568734e-01
3.149980900472654222e-01
3.149980900472586498e-01
3.149980900472425516e-01
3.149980900472591494e-01
3.149980900472808543e-01
3.149980900472565959e-01
3.149980900472733047e-01
3.149980900472494905e-01
3.149980900472661438e-01
3.149980900472559298e-01
3.149980900472738599e-01
3.149980900472682532e-01
3.149980900472741374e-01
3.149980900472874601e-01
3.149980900472689749e-01
3.180408635974567577e-01
3.180408635974499298e-01
3.180408635974523723e-01
3.180408635974560361e-01
3.180408635974344977e-01
3.180408635974443232e-01
3.180408635974594778e-01
3.180408635974589227e-01
3.180408635974541487e-01
3.180408635974621978e-01
3.180408635974530385e-01
3.180408635974567022e-01
3.180408635974401044e-01
3.180408635974600329e-01
3.180408635974399933e-01
3.180408635974421028e-01
3.180408635974398823e-01
3.180408635974392162e-01
3.180408635974479314e-01
3.180408635974413256e-01
3.180408635974499854e-01
3.180408635974556475e-01
3.180408635974332765e-01
3.180408635974527054e-01
3.180408635974255049e-01
3.180408635974287801e-01
3.180408635974451004e-01
3.180408635974389386e-01
3.180408635974426024e-01
3.180408635974500964e-01
3.180408635974519838e-01
3.180408635974535381e-01
3.180408635974396048e-01
3.180408635974310005e-01
3.180408635974356080e-01
3.180408635974612541e-01
3.180408635974587006e-01
3.180408635974471543e-01
3.180408635974520393e-01
3.180408635974530385e-01
3.180408635974519838e-01
3.180408635974603104e-01
3.180408635974567022e-01
3.180408635974619203e-01
3.180408635974411036e-01
3.180408635974379394e-01
3.180408635974600329e-01
3.180408635974499854e-01
3.180408635974403264e-01
3.180408635974482090e-01
3.119591709701298732e-01
3.119591709701411975e-01
3.119591709701368121e-01
3.119591709701394766e-01
3.119591709701444726e-01
3.119591709701448057e-01
3.119591709701219906e-01
3.119591709701327598e-01
3.119591709701259874e-01
3.119591709701345916e-01
3.119591709701283744e-01
3.119591709701290960e-01
3.119591709701455273e-01
3.119591709701435844e-01
3.119591709701337590e-01
3.119591709701296511e-01
3.119591709701294291e-01
3.119591709701238780e-01
3.119591709701243221e-01
3.119591709701148852e-01
3.119591709701238780e-01
3.119591709701329818e-01
3.119591709701315385e-01
3.119591709701382554e-01
3.119591709701247106e-01
3.119591709701330373e-01
3.119591709701364790e-01
3.119591709701305393e-01
3.119591709701283744e-01
3.119591709701298732e-01
3.119591709701255988e-01
3.119591709701219906e-01
3.119591709701196036e-01
3.119591709701268201e-01
3.119591709701267646e-01
3.119591709701347582e-01
3.119591709701350912e-01
3.119591709701400872e-01
3.119591709701293181e-01
3.119591709701360904e-01
3.119591709701289295e-01
3.119591709701286519e-01
3.119591709701372007e-01
3.119591709701212134e-01
3.119591709701410309e-01
3.119591709701384774e-01
3.119591709701438620e-01
3.119591709701369231e-01
3.119591709701400872e-01
3.119591709701320936e-01
3.180408635974567022e-01
3.180408635974438791e-01
3.180408635974451004e-01
3.180408635974523723e-01
3.180408635974467102e-01
3.180408635974433795e-01
3.180408635974480980e-01
3.180408635974563136e-01
3.180408635974438791e-01
3.180408635974483755e-01
3.180408635974438791e-01
3.180408635974619203e-01
3.180408635974499854e-01
3.180408635974588116e-01
3.180408635974395493e-01
3.180408635974455445e-01
3.180408635974367737e-01
3.180408635974483755e-01
3.180408635974390497e-01
3.180408635974522058e-01
3.180408635974490417e-01
3.180408635974411036e-01
3.180408635974412146e-01
3.180408635974499298e-01
3.180408635974519838e-01
3.180408635974507625e-01
3.180408635974522058e-01
3.180408635974442122e-01
3.180408635974347198e-01
3.180408635974495413e-01
3.180408635974495413e-01
3.180408635974344977e-01
3.180408635974474318e-01
3.180408635974371068e-01
3.180408635974467657e-01
3.180408635974469322e-01
3.180408635974588116e-01
3.180408635974513731e-01
3.180408635974545373e-01
3.180408635974443787e-01
3.180408635974419918e-01
3.180408635974514842e-01
3.180408635974584786e-01
3.180408635974489862e-01
3.180408635974451004e-01
3.180408635974488196e-01
3.180408635974401044e-01
3.180408635974519838e-01
3.180408635974470433e-01
3.180408635974531495e-01
3.149980900472595935e-01
3.149980900472696410e-01
3.149980900472694745e-01
3.149980900472672540e-01
3.149980900472677536e-01
3.149980900472627021e-01
3.149980900472639789e-01
3.149980900472741374e-01
3.149980900472663103e-01
3.149980900472613143e-01
3.149980900472604262e-01
3.149980900472676426e-01
3.149980900472665879e-01
3.149980900472606482e-01
3.149980900472674206e-01
3.149980900472737488e-01
3.149980900472675316e-01
3.149980900472639789e-01
3.149980900472654777e-01
3.149980900472614809e-01
3.149980900472701406e-01
3.149980900472620915e-01
3.149980900472622025e-01
3.149980900472628687e-01
3.149980900472686418e-01
3.149980900472699741e-01
3.149980900472680867e-01
3.149980900472626466e-01
3.149980900472650336e-01
3.149980900472686418e-01
3.149980900472668099e-01
3.149980900472674206e-01
3.149980900472626466e-01
3.149980900472688639e-01
3.149980900472710843e-01
3.149980900472646450e-01
3.149980900472639789e-01
3.149980900472684753e-01
3.149980900472620915e-01
3.149980900472616474e-01
3.149980900472644785e-01
3.149980900472674206e-01
3.149980900472718059e-01
3.149980900472628131e-01
3.149980900472622025e-01
3.149980900472658663e-01
3.149980900472656997e-01
3.149980900472663103e-01
3.149980900472672540e-01
3.149980900472614809e-01
3.134466620834917006e-01
3.134466620835007489e-01
3.134466620835029693e-01
3.134466620834969741e-01
3.134466620834968631e-01
3.134466620835009154e-01
3.134466620835001383e-01
3.134466620835005268e-01
3.134466620835016926e-01
3.134466620834983619e-01
3.134466620834980843e-01
3.134466620834984174e-01
3.134466620834987505e-01
3.134466620834970851e-01
3.134466620834984729e-01
3.134466620834962525e-01
3.134466620834993611e-01
3.134466620835029138e-01
3.134466620835023032e-01
3.134466620834958639e-01
3.134466620835009154e-01
3.134466620834975292e-01
3.134466620834963080e-01
3.134466620834986395e-01
3.134466620835000827e-01
3.134466620835023032e-01
3.134466620834943651e-01
3.134466620834935879e-01
3.134466620834983619e-01
3.134466620834987505e-01
3.134466620834961414e-01
3.134466620835028028e-01
3.134466620835018591e-01
3.134466620835008044e-01
3.134466620834954753e-01
3.134466620834984729e-01
3.134466620834987505e-01
3.134466620835003048e-01
3.134466620834971962e-01
3.134466620834987505e-01
3.134466620834982509e-01
3.134466620835028028e-01
3.134466620835021367e-01
3.134466620834995276e-01
3.134466620835009154e-01
3.134466620834977513e-01
3.134466620835005268e-01
3.134466620835055783e-01
3.134466620834977513e-01
3.134466620834946982e-01
3.188260984590287617e-01
3.188260984590268743e-01
3.188260984590238767e-01
3.188260984590267633e-01
3.188260984590252090e-01
3.188260984590233216e-01
3.188260984590238212e-01
3.188260984590244873e-01
3.188260984590243208e-01
3.188260984590255975e-01
3.188260984590236546e-01
3.188260984590257086e-01
3.188260984590262637e-01
3.188260984590240987e-01
3.188260984590260971e-01
3.188260984590276514e-01
3.188260984590258196e-01
3.188260984590242653e-01
3.188260984590261526e-01
3.188260984590231550e-01
3.188260984590258751e-01
3.188260984590230440e-01
3.188260984590255975e-01
3.188260984590248204e-01
3.188260984590235991e-01
3.188260984590243208e-01
3.188260984590248204e-01
3.188260984590259306e-01
3.188260984590235991e-01
3.188260984590263747e-01
3.188260984590242653e-01
3.188260984590257086e-01
3.188260984590254310e-01
3.188260984590251534e-01
3.188260984590269853e-01
3.188260984590261526e-01
3.188260984590243208e-01
3.188260984590263192e-01
3.188260984590247094e-01
3.188260984590229330e-01
3.188260984590251534e-01
3.188260984590240987e-01
3.188260984590225444e-01
3.188260984590254865e-01
3.188260984590235991e-01
3.188260984590245428e-01
3.188260984590261526e-01
3.188260984590245428e-01
3.188260984590270963e-01
3.188260984590253200e-01
3.123526941502883236e-01
3.123526941502882681e-01
3.123526941502882126e-01
3.123526941502877130e-01
3.123526941502881016e-01
3.123526941502882126e-01
3.123526941502886012e-01
3.123526941502886012e-01
3.123526941502889898e-01
3.123526941502883791e-01
3.123526941502881016e-01
3.123526941502880461e-01
3.123526941502888232e-01
3.123526941502891563e-01
3.123526941502888232e-01
3.123526941502882681e-01
3.123526941502887122e-01
3.123526941502882126e-01
3.123526941502883791e-01
3.123526941502880461e-01
3.123526941502883236e-01
3.123526941502891563e-01
3.123526941502884902e-01
3.123526941502878795e-01
3.123526941502896559e-01
3.123526941502893783e-01
3.123526941502881016e-01
3.123526941502888787e-01
3.123526941502887122e-01
3.123526941502879906e-01
3.123526941502886012e-01
3.123526941502884902e-01
3.123526941502886012e-01
3.123526941502882681e-01
3.123526941502879906e-01
3.123526941502888232e-01
3.123526941502888787e-01
3.123526941502892673e-01
3.123526941502883791e-01
3.123526941502888232e-01
3.123526941502888787e-01
3.123526941502888787e-01
3.123526941502883791e-01
3.123526941502882126e-01
3.123526941502881016e-01
3.123526941502882126e-01
3.123526941502878795e-01
3.123526941502883791e-01
3.123526941502883791e-01
3.123526941502889898e-01
3.166567429173270942e-01
3.166567429173268167e-01
3.166567429173267612e-01
3.166567429173267612e-01
3.166567429173267612e-01
3.166567429173269277e-01
3.166567429173264836e-01
3.166567429173265946e-01
3.166567429173264836e-01
3.166567429173264836e-01
3.166567429173265946e-01
3.166567429173265946e-01
3.166567429173263171e-01
3.166567429173265946e-01
3.166567429173267612e-01
3.166567429173264836e-01
3.166567429173267612e-01
3.166567429173264836e-01
3.166567429173263171e-01
3.166567429173265946e-01
3.166567429173264836e-01
3.166567429173270387e-01
3.166567429173269277e-01
3.166567429173270387e-01
3.166567429173270387e-01
3.166567429173269277e-01
3.166567429173267612e-01
3.166567429173268167e-01
3.166567429173268167e-01
3.166567429173267612e-01
3.166567429173267612e-01
3.166567429173264281e-01
3.166567429173264281e-01
3.166567429173267612e-01
3.166567429173265946e-01
3.166567429173268167e-01
3.166567429173270387e-01
3.166567429173267612e-01
3.166567429173265946e-01
3.166567429173269277e-01
3.166567429173267612e-01
3.166567429173267612e-01
3.166567429173265946e-01
3.166567429173267612e-01
3.166567429173270387e-01
3.166567429173267612e-01
3.166567429173267612e-01
3.166567429173264836e-01
3.166567429173267612e-01
3.166567429173272052e-01
3.166567429173267612e-01
3.166567429173264836e-01
3.166567429173270387e-01
3.166567429173270387e-01
3.166567429173267612e-01
3.166567429173270387e-01
3.166567429173267612e-01
3.166567429173260950e-01
3.166567429173263171e-01
3.166567429173259840e-01
3.166567429173263171e-01
3.166567429173264836e-01
3.166567429173264281e-01
3.166567429173267612e-01
3.166567429173267612e-01
3.166567429173265946e-01
3.166567429173264281e-01
3.166567429173265946e-01
3.166567429173264836e-01
3.166567429173268167e-01
3.166567429173267612e-01
3.166567429173269277e-01
3.166567429173269277e-01
3.166567429173267612e-01
3.166567429173267612e-01
3.166567429173268167e-01
3.166567429173269277e-01
3.166567429173269277e-01
3.166567429173268167e-01
3.166567429173265946e-01
3.166567429173267612e-01
3.166567429173264836e-01
3.166567429173265946e-01
3.166567429173265946e-01
3.166567429173265946e-01
3.166567429173269277e-01
3.166567429173267612e-01
3.166567429173267612e-01
3.166567429173267612e-01
3.166567429173265946e-01
3.166567429173263171e-01
3.166567429173264836e-01
3.166567429173264836e-01
3.166567429173270942e-01
3.166567429173270942e-01
3.166567429173267612e-01
3.166567429173270387e-01
3.166567429173270942e-01
3.166567429173268167e-01
3.166567429173268167e-01
3.123526941502887122e-01
3.123526941502884902e-01
3.123526941502889898e-01
3.123526941502897114e-01
3.123526941502888787e-01
3.123526941502891563e-01
3.123526941502877130e-01
3.123526941502887122e-01
3.123526941502876020e-01
3.123526941502880461e-01
3.123526941502884902e-01
3.123526941502868248e-01
3.123526941502878795e-01
3.123526941502883791e-01
3.123526941502882681e-01
3.123526941502888232e-01
3.123526941502884902e-01
3.123526941502888787e-01
3.123526941502886012e-01
3.123526941502882681e-01
3.123526941502884902e-01
3.123526941502879906e-01
3.123526941502888787e-01
3.123526941502878795e-01
3.123526941502887122e-01
3.123526941502888787e-01
3.123526941502878795e-01
3.123526941502891563e-01
3.123526941502881016e-01
3.123526941502883236e-01
3.123526941502881016e-01
3.123526941502891563e-01
3.123526941502888232e-01
3.123526941502884902e-01
3.123526941502891563e-01
3.123526941502881016e-01
3.123526941502883236e-01
3.123526941502883791e-01
3.123526941502871579e-01
3.123526941502888232e-01
3.123526941502879906e-01
3.123526941502881016e-01
3.123526941502891563e-01
3.123526941502881016e-01
3.123526941502891563e-01
3.123526941502891563e-01
3.123526941502894894e-01
3.123526941502889898e-01
3.123526941502888232e-01
3.123526941502886012e-01
3.188260984590262637e-01
3.188260984590257086e-01
3.188260984590260416e-01
3.188260984590242653e-01
3.188260984590252090e-01
3.188260984590243208e-01
3.188260984590272629e-01
3.188260984590248204e-01
3.188260984590258751e-01
3.188260984590263192e-01
3.188260984590218783e-01
3.188260984590254865e-01
3.188260984590251534e-01
3.188260984590255975e-01
3.188260984590263192e-01
3.188260984590247094e-01
3.188260984590257086e-01
3.188260984590269853e-01
3.188260984590238212e-01
3.188260984590254310e-01
3.188260984590251534e-01
3.188260984590252090e-01
3.188260984590254865e-01
3.188260984590260416e-01
3.188260984590248204e-01
3.188260984590252090e-01
3.188260984590251534e-01
3.188260984590250424e-01
3.188260984590238212e-01
3.188260984590233771e-01
3.188260984590254865e-01
3.188260984590240432e-01
3.188260984590261526e-01
3.188260984590260416e-01
3.188260984590250424e-01
3.188260984590249869e-01
3.188260984590257086e-01
3.188260984590245428e-01
3.188260984590251534e-01
3.188260984590222114e-01
3.188260984590263192e-01
3.188260984590264302e-01
3.188260984590248204e-01
3.188260984590276514e-01
3.188260984590240432e-01
3.188260984590251534e-01
3.188260984590238212e-01
3.188260984590251534e-01
3.188260984590236546e-01
3.188260984590260416e-01
3.134466620834984174e-01
3.134466620834982509e-01
3.134466620835016926e-01
3.134466620834984729e-01
3.134466620834977513e-01
3.134466620835005268e-01
3.134466620834954198e-01
3.134466620834998052e-01
3.134466620835045791e-01
3.134466620835009154e-01
3.134466620835014150e-01
3.134466620834961414e-01
3.134466620834973072e-01
3.134466620834983619e-01
3.134466620834996387e-01
3.134466620834999717e-01
3.134466620834996942e-01
3.134466620834984174e-01
3.134466620834968631e-01
3.134466620834961970e-01
3.134466620834975292e-01
3.134466620835013595e-01
3.134466620834975292e-01
3.134466620834954753e-01
3.134466620834986395e-01
3.134466620834991946e-01
3.134466620834961970e-01
3.134466620834966966e-01
3.134466620835013595e-01
3.134466620834954753e-01
3.134466620834987505e-01
3.134466620834989170e-01
3.134466620834997497e-01
3.134466620834968631e-01
3.134466620835006934e-01
3.134466620834999717e-01
3.134466620834970851e-01
3.134466620835000827e-01
3.134466620834973627e-01
3.134466620835001383e-01
3.134466620835008044e-01
3.134466620835033579e-01
3.134466620834993611e-01
3.134466620834947537e-01
3.134466620835015815e-01
3.134466620834975847e-01
3.134466620834959194e-01
3.134466620834996942e-01
3.134466620834991391e-01
3.134466620835020811e-01
3.149980900472619250e-01
3.149980900472644785e-01
3.149980900472604262e-01
3.149980900472594825e-01
3.149980900472608703e-01
3.149980900472562628e-01
3.149980900472584833e-01
3.149980900472643675e-01
3.149980900472660328e-01
3.149980900472654222e-01
3.149980900472658663e-01
3.149980900472666989e-01
3.149980900472649226e-01
3.149980900472631462e-01
3.149980900472640899e-01
3.149980900472590384e-01
3.149980900472559298e-01
3.149980900472643675e-01
3.149980900472646450e-01
3.149980900472602596e-01
3.149980900472631462e-01
3.149980900472654222e-01
3.149980900472594825e-01
3.149980900472622025e-01
3.149980900472612033e-01
3.149980900472576506e-01
3.149980900472627576e-01
3.149980900472583722e-01
3.149980900472617584e-01
3.149980900472658663e-01
3.149980900472656442e-01
3.149980900472645340e-01
3.149980900472648115e-01
3.149980900472597600e-01
3.149980900472646450e-01
3.149980900472653111e-01
3.149980900472654222e-01
3.149980900472652556e-01
3.149980900472642564e-01
3.149980900472633683e-01
3.149980900472633683e-01
3.149980900472613143e-01
3.149980900472675316e-01
3.149980900472652556e-01
3.149980900472610923e-01
3.149980900472576506e-01
3.149980900472597600e-01
3.149980900472624246e-01
3.149980900472631462e-01
3.149980900472635903e-01
3.180408635974435461e-01
3.180408635974419362e-01
3.180408635974482090e-01
3.180408635974464882e-01
3.180408635974472098e-01
3.180408635974401044e-01
3.180408635974437681e-01
3.180408635974433240e-01
3.180408635974427689e-01
3.180408635974455445e-01
3.180408635974409925e-01
3.180408635974546483e-01
3.180408635974465437e-01
3.180408635974441012e-01
3.180408635974537601e-01
3.180408635974419918e-01
3.180408635974503184e-01
3.180408635974505960e-01
3.180408635974311116e-01
3.180408635974451004e-01
3.180408635974429910e-01
3.180408635974448228e-01
3.180408635974461551e-01
3.180408635974438791e-01
3.180408635974520948e-01
3.180408635974502074e-01
3.180408635974427689e-01
3.180408635974467657e-01
3.180408635974446008e-01
3.180408635974485976e-01
3.180408635974507070e-01
3.180408635974312781e-01
3.180408635974467657e-01
3.180408635974460441e-01
3.180408635974398823e-01
3.180408635974513731e-01
3.180408635974489862e-01
3.180408635974371068e-01
3.180408635974511511e-01
3.180408635974447673e-01
3.180408635974492637e-01
3.180408635974441012e-01
3.180408635974445453e-01
3.180408635974447673e-01
3.180408635974485421e-01
3.180408635974488196e-01
3.180408635974485421e-01
3.180408635974514842e-01
3.180408635974392717e-01
3.180408635974473763e-01
3.119591709701382554e-01
3.119591709701235449e-01
3.119591709701375892e-01
3.119591709701383664e-01
3.119591709701347582e-01
3.119591709701242110e-01
3.119591709701219351e-01
3.119591709701270976e-01
3.119591709701080573e-01
3.119591709701333704e-01
3.119591709701186044e-01
3.119591709701203253e-01
3.119591709701182713e-01
3.119591709701234339e-01
3.119591709701337590e-01
3.119591709701249882e-01
3.119591709701304283e-01
3.119591709701197701e-01
3.119591709701293181e-01
3.119591709701274862e-01
3.119591709701310944e-01
3.119591709701363680e-01
3.119591709701255988e-01
3.119591709701343141e-01
3.119591709701250992e-01
3.119591709701243221e-01
3.119591709701352022e-01
3.119591709701302062e-01
3.119591709701262650e-01
3.119591709701333704e-01
3.119591709701243776e-01
3.119591709701270976e-01
3.119591709701165505e-01
3.119591709701364790e-01
3.119591709701277638e-01
3.119591709701243221e-01
3.119591709701268756e-01
3.119591709701157733e-01
3.119591709701230453e-01
3.119591709701165505e-01
3.119591709701487470e-01
3.119591709701140525e-01
3.119591709701272642e-01
3.119591709701308724e-01
3.119591709701244331e-01
3.119591709701315385e-01
3.119591709701410309e-01
3.119591709701409199e-01
3.119591709701272642e-01
3.119591709701298732e-01
3.180408635974423803e-01
3.180408635974571463e-01
3.180408635974574794e-01
3.180408635974457110e-01
3.180408635974482645e-01
3.180408635974241727e-01
3.180408635974534270e-01
3.180408635974508735e-01
3.180408635974483755e-01
3.180408635974392162e-01
3.180408635974503184e-01
3.180408635974478759e-01
3.180408635974488196e-01
3.180408635974534270e-01
3.180408635974387721e-01
3.180408635974541487e-01
3.180408635974426024e-01
3.180408635974496523e-01
3.180408635974255604e-01
3.180408635974403264e-01
3.180408635974472098e-01
3.180408635974606990e-01
3.180408635974413256e-01
3.180408635974373843e-01
3.180408635974302789e-01
3.180408635974294462e-01
3.180408635974347753e-01
3.180408635974343312e-01
3.180408635974545373e-01
3.180408635974403264e-01
3.180408635974382170e-01
3.180408635974289466e-01
3.180408635974449894e-01
3.180408635974416032e-01
3.180408635974460441e-01
3.180408635974416032e-01
3.180408635974543152e-01
3.180408635974530385e-01
3.180408635974416032e-01
3.180408635974477094e-01
3.180408635974504294e-01
3.180408635974549258e-01
3.180408635974567577e-01
3.180408635974589782e-01
3.180408635974264486e-01
3.180408635974421028e-01
3.180408635974473763e-01
3.180408635974550924e-01
3.180408635974624754e-01
3.180408635974466547e-01
3.149980900472501011e-01
3.149980900472721390e-01
3.149980900472572620e-01
3.149980900472796330e-01
3.149980900472802436e-01
3.149980900472936773e-01
3.149980900472491574e-01
3.149980900472645340e-01
3.149980900472570400e-01
3.149980900472451606e-01
3.149980900472826306e-01
3.149980900472635903e-01
3.149980900472658663e-01
3.149980900472728051e-01
3.149980900472631462e-01
3.149980900472678647e-01
3.149980900472726386e-01
3.149980900472529877e-01
3.149980900472426071e-01
3.149980900472488798e-01
3.149980900472594825e-01
3.149980900472699741e-01
3.149980900472694745e-01
3.149980900472690304e-01
3.149980900472670875e-01
3.149980900472755252e-01
3.149980900472664769e-01
3.149980900472555412e-01
3.149980900472801326e-01
3.149980900472745815e-01
3.149980900472584833e-01
3.149980900472536538e-01
3.149980900472632572e-01
3.149980900472659218e-01
3.149980900472668099e-01
3.149980900472656997e-01
3.149980900472766354e-01
3.149980900472739709e-01
3.149980900472587053e-01
3.149980900472757472e-01
3.149980900472527656e-01
3.149980900472527656e-01
3.149980900472716949e-01
3.149980900472734158e-01
3.149980900472910683e-01
3.149980900472735268e-01
3.149980900472933443e-01
3.149980900472600376e-01
3.149980900472784673e-01
3.149980900472502676e-01
3.134466620835081874e-01
3.134466620835028028e-01
3.134466620834938655e-01
3.134466620835137940e-01
3.134466620834933659e-01
3.134466620834623907e-01
3.134466620835035244e-01
3.134466620834978623e-01
3.134466620835167361e-01
3.134466620835084094e-01
3.134466620834624462e-01
3.134466620835059114e-01
3.134466620835000827e-01
3.134466620835141826e-01
3.134466620834965855e-01
3.134466620834797657e-01
3.134466620835063555e-01
3.134466620834723272e-01
3.134466620835012485e-01
3.134466620834697181e-01
3.134466620835203443e-01
3.134466620835067441e-01
3.134466620835165696e-01
3.134466620834636119e-01
3.134466620834789885e-01
3.134466620834917561e-01
3.134466620834729378e-01
3.134466620835115735e-01
3.134466620834940320e-01
3.134466620835137940e-01
3.134466620834681638e-01
3.134466620835035244e-01
3.134466620834768791e-01
3.134466620835300588e-01
3.134466620834827078e-01
3.134466620834952533e-01
3.134466620835201223e-01
3.134466620834980843e-01
3.134466620835072992e-01
3.134466620834741035e-01
3.134466620835087980e-01
3.134466620835215656e-01
3.134466620834908124e-01
3.134466620834931438e-01
3.134466620834533979e-01
3.134466620834885919e-01
3.134466620835060779e-01
3.134466620834884254e-01
3.134466620835011375e-01
3.134466620834845951e-01
3.188260984590037261e-01
3.188260984589860181e-01
3.188260984590123304e-01
3.188260984590550184e-01
3.188260984589713076e-01
3.188260984590540192e-01
3.188260984590229330e-01
3.188260984590279845e-01
3.188260984590553515e-01
3.188260984590340352e-01
3.188260984589987301e-01
3.188260984589988967e-01
3.188260984590439717e-01
3.188260984590210456e-01
3.188260984590123304e-01
3.188260984590459146e-01
3.188260984590151614e-01
3.188260984590176594e-01
3.188260984590453040e-01
3.188260984590238212e-01
3.188260984589654790e-01
3.188260984590404745e-01
3.188260984590272074e-01
3.188260984590214897e-01
3.188260984590592373e-01
3.188260984590660652e-01
3.188260984590289837e-01
3.188260984590379210e-01
3.188260984590293723e-01
3.188260984589614266e-01
3.188260984590211011e-01
3.188260984590146618e-01
3.188260984590179370e-01
3.188260984590042812e-01
3.188260984590388092e-01
3.188260984590112201e-01
3.188260984590254310e-01
3.188260984590560176e-01
3.188260984590330915e-01
3.188260984590032265e-01
3.188260984590139402e-01
3.188260984590547409e-01
3.188260984590302605e-01
3.188260984590022273e-01
3.188260984590577385e-01
3.188260984589922908e-01
3.188260984590332026e-01
3.188260984590076674e-01
3.188260984590126634e-01
3.188260984590159386e-01
3.123526941503063648e-01
3.123526941502613452e-01
3.123526941502617338e-01
3.123526941502319243e-01
3.123526941502983156e-01
3.123526941502974275e-01
3.123526941502735577e-01
3.123526941502683396e-01
3.123526941502668963e-01
3.123526941502625665e-01
3.123526941502849374e-01
3.123526941503105836e-01
3.123526941502953180e-01
3.123526941503002030e-01
3.123526941502679510e-01
3.123526941502747234e-01
3.123526941502379195e-01
3.123526941502747234e-01
3.123526941502919319e-01
3.123526941502907661e-01
3.123526941502390852e-01
3.123526941502182130e-01
3.123526941502623999e-01
3.123526941502655641e-01
3.123526941502916543e-01
3.123526941502741683e-01
3.123526941502718923e-01
3.123526941502977605e-01
3.123526941502193788e-01
3.123526941502692833e-01
3.123526941503336207e-01
3.123526941502701715e-01
3.123526941502657861e-01
3.123526941502634546e-01
3.123526941502605125e-01
3.123526941502715037e-01
3.123526941502843823e-01
3.123526941502893783e-01
3.123526941502910437e-01
3.123526941503024790e-01
3.123526941502688947e-01
3.123526941502643428e-01
3.123526941502953180e-01
3.123526941502780541e-01
3.123526941503138588e-01
3.123526941503083076e-01
3.123526941502328125e-01
3.123526941502785537e-01
3.123526941502624554e-01
3.123526941503171339e-01
3.166567429172817416e-01
3.166567429173355319e-01
3.166567429173108295e-01
3.166567429173586246e-01
3.166567429172940096e-01
3.166567429173343107e-01
3.166567429172891246e-01
3.166567429173631765e-01
3.166567429172951198e-01
3.166567429173556825e-01
3.166567429173430814e-01
3.166567429173416937e-01
3.166567429173383630e-01
3.166567429173418047e-01
3.166567429172888470e-01
3.166567429172942871e-01
3.166567429173571813e-01
3.166567429173073878e-01
3.166567429173716142e-01
3.166567429173302028e-01
3.166567429173731685e-01
3.166567429172557069e-01
3.166567429173440251e-01
3.166567429173081094e-01
3.166567429173252624e-01
3.166567429173038906e-01
3.166567429172875148e-01
3.166567429173532955e-01
3.166567429172951198e-01
3.166567429173306469e-01
3.166567429173374193e-01
3.166567429173559045e-01
3.166567429173306469e-01
3.166567429173133275e-01
3.166567429173188786e-01
3.166567429172877368e-01
3.166567429173189896e-01
3.166567429173212656e-01
3.166567429173055004e-01
3.166567429173313686e-01
3.166567429173343107e-01
3.166567429172955639e-01
3.166567429173426373e-01
3.166567429173153814e-01
3.166567429173121062e-01
3.166567429173196002e-01
3.166567429173729464e-01
3.166567429173117731e-01
3.166567429173363091e-01
3.166567429173011150e-01
3.166567429173035020e-01
3.166567429173139936e-01
3.166567429173179904e-01
3.166567429173118287e-01
3.166567429173678394e-01
3.166567429173602344e-01
3.166567429173255399e-01
3.166567429173731685e-01
3.166567429173247628e-01
3.166567429173058890e-01
3.166567429173156589e-01
3.166567429173179904e-01
3.166567429173456349e-01
3.166567429172933434e-01
3.166567429173212656e-01
3.166567429173434700e-01
3.166567429173431369e-01
3.166567429173156034e-01
3.166567429172852943e-01
3.166567429173876569e-01
3.166567429173123283e-01
3.166567429173086645e-01
3.166567429173303139e-01
3.166567429172985615e-01
3.166567429172891801e-01
3.166567429173032799e-01
3.166567429172896797e-01
3.166567429173074433e-01
3.166567429173327564e-01
3.166567429173234305e-01
3.166567429173728354e-01
3.166567429172649772e-01
3.166567429173581250e-01
3.166567429173530179e-01
3.166567429173084425e-01
3.166567429173265946e-01
3.166567429172779113e-01
3.166567429173006154e-01
3.166567429173075543e-01
3.166567429173435810e-01
3.166567429172905679e-01
3.166567429173270387e-01
3.166567429173632320e-01
3.166567429173209880e-01
3.166567429173383630e-01
3.166567429173469672e-01
3.166567429173544057e-01
3.166567429172933990e-01
3.166567429172874037e-01
3.166567429173364756e-01
3.123526941502934862e-01
3.123526941504022880e-01
3.123526941503058096e-01
3.123526941502901000e-01
3.123526941503425025e-01
3.123526941501955645e-01
3.123526941503313448e-01
3.123526941502623999e-01
3.123526941502591248e-01
3.123526941502614007e-01
3.123526941503682042e-01
3.123526941502591248e-01
3.123526941502439702e-01
3.123526941502666743e-01
3.123526941501887921e-01
3.123526941502958176e-01
3.123526941502626775e-01
3.123526941502242638e-01
3.123526941503309007e-01
3.123526941502982046e-01
3.123526941503226850e-01
3.123526941503291798e-01
3.123526941502821619e-01
3.123526941503100840e-01
3.123526941502471899e-01
3.123526941502399734e-01
3.123526941503362853e-01
3.123526941502745014e-01
3.123526941503094179e-01
3.123526941503319554e-01
3.123526941503095844e-01
3.123526941503113608e-01
3.123526941502031140e-01
3.123526941502703380e-01
3.123526941502872689e-01
3.123526941501852949e-01
3.123526941502873244e-01
3.123526941502683396e-01
3.123526941502524079e-01
3.123526941503331766e-01
3.123526941502336451e-01
3.123526941502798304e-01
3.123526941503100840e-01
3.123526941502921539e-01
3.123526941502193233e-01
3.123526941503291243e-01
3.123526941502332011e-01
3.123526941503139143e-01
3.123526941503801391e-01
3.123526941503136922e-01
3.188260984589940672e-01
3.188260984590050584e-01
3.188260984589741942e-01
3.188260984588947022e-01
3.188260984590078340e-01
3.188260984590343128e-01
3.188260984590609581e-01
3.188260984590109981e-01
3.188260984590719493e-01
3.188260984590430280e-01
3.188260984590403080e-01
3.188260984589818547e-01
3.188260984590460256e-01
3.188260984590561287e-01
3.188260984590132741e-01
3.188260984590338132e-01
3.188260984590198799e-01
3.188260984590350899e-01
3.188260984589963987e-01
3.188260984590481351e-01
3.188260984590641778e-01
3.188260984590161606e-01
3.188260984590302050e-01
3.188260984590899350e-01
3.188260984590132741e-01
3.188260984590649549e-01
3.188260984590614577e-01
3.188260984590383651e-01
3.188260984590343683e-01
3.188260984590749469e-01
3.188260984590153835e-01
3.188260984590485236e-01
3.188260984590098879e-01
3.188260984590580716e-01
3.188260984590382541e-01
3.188260984589806890e-01
3.188260984590312597e-01
3.188260984590347014e-01
3.188260984589725844e-01
3.188260984589945113e-01
3.188260984590092773e-01
3.188260984590587377e-01
3.188260984590139402e-01
3.188260984590455815e-01
3.188260984590534641e-01
3.188260984589764147e-01
3.188260984589373348e-01
3.188260984589481040e-01
3.188260984589758040e-01
3.188260984589853519e-01
3.134466620835557604e-01
3.134466620834548412e-01
3.134466620834792105e-01
3.134466620834756578e-01
3.134466620835816286e-01
3.134466620835230644e-01
3.134466620834896466e-01
3.134466620835117956e-01
3.134466620835387185e-01
3.134466620834713280e-01
3.134466620835217321e-01
3.134466620833491479e-01
3.134466620835167361e-01
3.134466620836238726e-01
3.134466620835495432e-01
3.134466620835072437e-01
3.134466620834480133e-01
3.134466620834546191e-01
3.134466620835473782e-01
3.134466620835686945e-01
3.134466620835721362e-01
3.134466620835655859e-01
3.134466620835699713e-01
3.134466620835293926e-01
3.134466620835059114e-01
3.134466620835119066e-01
3.134466620834929218e-01
3.134466620836230955e-01
3.134466620835894002e-01
3.134466620835316686e-01
3.134466620834865380e-01
3.134466620834948647e-01
3.134466620834324146e-01
3.134466620834756578e-01
3.134466620834928108e-01
3.134466620835364981e-01
3.134466620836381390e-01
3.134466620835033579e-01
3.134466620833933348e-01
3.134466620835406614e-01
3.134466620834483463e-01
3.134466620835216211e-01
3.134466620835920647e-01
3.134466620835548167e-01
3.134466620835384965e-01
3.134466620835403838e-01
3.134466620834073791e-01
3.134466620834832074e-01
3.134466620834438499e-01
3.134466620835288930e-01
3.149980900472595935e-01
3.149980900473660639e-01
3.149980900473078327e-01
3.149980900472658663e-01
3.149980900472520440e-01
3.149980900472614809e-01
3.149980900473311474e-01
3.149980900473412504e-01
3.149980900473059453e-01
3.149980900472266754e-01
3.149980900472666989e-01
3.149980900473272061e-01
3.149980900472246770e-01
3.149980900472602596e-01
3.149980900472325041e-01
3.149980900472955647e-01
3.149980900472753031e-01
3.149980900473466350e-01
3.149980900472419409e-01
3.149980900472358902e-01
3.149980900473137169e-01
3.149980900472346135e-01
3.149980900472290624e-01
3.149980900472772460e-01
3.149980900472622025e-01
3.149980900472381107e-01
3.149980900473813850e-01
3.149980900472311163e-01
3.149980900472372780e-01
3.149980900473343670e-01
3.149980900472645340e-01
3.149980900472780232e-01
3.149980900473342560e-01
3.149980900473230427e-01
3.149980900473391965e-01
3.149980900473314804e-01
3.149980900472715284e-01
3.149980900472321155e-01
3.149980900472980072e-01
3.149980900472480472e-01
3.149980900472325041e-01
3.149980900472253986e-01
3.149980900472847956e-01
3.149980900472660883e-01
3.149980900472126866e-01
3.149980900472188483e-01
3.149980900472642564e-01
3.149980900472930112e-01
3.149980900473596246e-01
3.149980900472272305e-01
3.180408635974039111e-01
3.180408635974342757e-01
3.180408635975154330e-01
3.180408635974308340e-01
3.180408635974972253e-01
3.180408635973868137e-01
3.180408635973207554e-01
3.180408635974122378e-01
3.180408635974243392e-01
3.180408635973985265e-01
3.180408635974433240e-01
3.180408635974472653e-01
3.180408635974441012e-01
3.180408635973985820e-01
3.180408635975560117e-01
3.180408635975839338e-01
3.180408635973245302e-01
3.180408635974287801e-01
3.180408635974707465e-01
3.180408635974247278e-01
3.180408635974567577e-01
3.180408635973894227e-01
3.180408635973666076e-01
3.180408635974200648e-01
3.180408635975288667e-01
3.180408635974361076e-01
3.180408635974436016e-01
3.180408635973586695e-01
3.180408635973920317e-01
3.180408635973737685e-01
3.180408635973696052e-01
3.180408635974132925e-01
3.180408635973917542e-01
3.180408635973571152e-01
3.180408635975124909e-01
3.180408635975447429e-01
3.180408635973927534e-01
3.180408635974081299e-01
3.180408635974065201e-01
3.180408635974651954e-01
3.180408635972824527e-01
3.180408635974725784e-01
3.180408635973925868e-01
3.180408635972439835e-01
3.180408635973673848e-01
3.180408635974645848e-01
3.180408635975225939e-01
3.180408635975092158e-01
3.180408635974911746e-01
3.180408635973837606e-01
3.119591709702667082e-01
3.119591709701748927e-01
3.119591709702659310e-01
3.119591709701348137e-01
3.119591709702435045e-01
3.119591709701086679e-01
3.119591709702150273e-01
3.119591709701641236e-01
3.119591709701040050e-01
3.119591709701410309e-01
3.119591709701557414e-01
3.119591709702456139e-01
3.119591709700259008e-01
3.119591709701458049e-01
3.119591709701295956e-01
3.119591709701100557e-01
3.119591709701272642e-01
3.119591709700609283e-01
3.119591709701317050e-01
3.119591709701353688e-01
3.119591709701360349e-01
3.119591709701634574e-01
3.119591709699823245e-01
3.119591709702114191e-01
3.119591709702393967e-01
3.119591709702010940e-01
3.119591709702081994e-01
3.119591709699361393e-01
3.119591709701170501e-01
3.119591709701199367e-01
3.119591709700209603e-01
3.119591709701663440e-01
3.119591709700719750e-01
3.119591709701521887e-01
3.119591709700034188e-01
3.119591709701463045e-01
3.119591709701516891e-01
3.119591709700050286e-01
3.119591709701434734e-01
3.119591709701187154e-01
3.119591709701109994e-01
3.119591709701011184e-01
3.119591709701369231e-01
3.119591709702514981e-01
3.119591709701756699e-01
3.119591709702156934e-01
3.119591709701642901e-01
3.119591709702743687e-01
3.119591709701843296e-01
3.119591709702514981e-01
3.180408635973652198e-01
3.180408635974320553e-01
3.180408635974656950e-01
3.180408635975720544e-01
3.180408635974650844e-01
3.180408635974874554e-01
3.180408635976189058e-01
3.180408635974445453e-01
3.180408635975017773e-01
3.180408635973664966e-01
3.180408635973765996e-01
3.180408635973336895e-01
3.180408635973818177e-01
3.180408635975345288e-01
3.180408635974467102e-01
3.180408635975236487e-01
3.180408635974958931e-01
3.180408635973837050e-01
3.180408635974267817e-01
3.180408635973551723e-01
3.180408635975097154e-01
3.180408635973850928e-01
3.180408635974782405e-01
3.180408635974834586e-01
3.180408635973561715e-01
3.180408635973550058e-01
3.180408635975422449e-01
3.180408635974902865e-01
3.180408635974586451e-01
3.180408635974427134e-01
3.180408635973618892e-01
3.180408635974491527e-01
3.180408635973842602e-01
3.180408635974162346e-01
3.180408635974588116e-01
3.180408635974385501e-01
3.180408635975120468e-01
3.180408635974429354e-01
3.180408635973431264e-01
3.180408635973441256e-01
3.180408635973623888e-01
3.180408635975272014e-01
3.180408635974802944e-01
3.180408635975353060e-01
3.180408635975284226e-01
3.180408635973598908e-01
3.180408635975789378e-01
3.180408635975018328e-01
3.180408635975290887e-01
3.180408635973848708e-01
3.149980900471055500e-01
3.149980900473317025e-01
3.149980900471850420e-01
3.149980900472049150e-01
3.149980900471533452e-01
3.149980900472991174e-01
3.149980900473516865e-01
3.149980900472624246e-01
3.149980900471988643e-01
3.149980900472303946e-01
3.149980900472209022e-01
3.149980900471950895e-01
3.149980900471595069e-01
3.149980900470480960e-01
3.149980900476369028e-01
3.149980900471855971e-01
3.149980900471976986e-01
3.149980900473142165e-01
3.149980900472311163e-01
3.149980900472339473e-01
3.149980900471698875e-01
3.149980900472503231e-01
3.149980900472527656e-01
3.149980900473132728e-01
3.149980900472746925e-01
3.149980900472733047e-01
3.149980900472914014e-01
3.149980900472670875e-01
3.149980900472870160e-01
3.149980900472568734e-01
3.149980900473113299e-01
3.149980900471666123e-01
3.149980900473328127e-01
3.149980900472698631e-01
3.149980900471310297e-01
3.149980900475966572e-01
3.149980900470250034e-01
3.149980900472185152e-01
3.149980900472922341e-01
3.149980900472306722e-01
3.149980900472616474e-01
3.149980900472077461e-01
3.149980900473255963e-01
3.149980900473280387e-01
3.149980900472134082e-01
3.149980900471490153e-01
3.149980900472371115e-01
3.149980900471923695e-01
3.149980900473222656e-01
3.149980900471104905e-01
3.134466620834246431e-01
3.134466620835263395e-01
3.134466620835347772e-01
3.134466620834442940e-01
3.134466620833792905e-01
3.134466620835895667e-01
3.134466620835067441e-01
3.134466620835907880e-01
3.134466620834788775e-01
3.134466620835070216e-01
3.134466620835288930e-01
3.134466620835122397e-01
3.134466620834092665e-01
3.134466620833424311e-01
3.134466620835663075e-01
3.134466620834683859e-01
3.134466620834405748e-01
3.134466620835815176e-01
3.134466620834964190e-01
3.134466620836139916e-01
3.134466620834993611e-01
3.134466620837840778e-01
3.134466620834528983e-01
3.134466620834259754e-01
3.134466620834826522e-01
3.134466620835270056e-01
3.134466620833836759e-01
3.134466620834105988e-01
3.134466620837138562e-01
3.134466620834352457e-01
3.134466620835703043e-01
3.134466620835268391e-01
3.134466620835255068e-01
3.134466620833433192e-01
3.134466620834538975e-01
3.134466620834344686e-01
3.134466620834097106e-01
3.134466620833574746e-01
3.134466620834776007e-01
3.134466620835104078e-01
3.134466620835293926e-01
3.134466620835067441e-01
3.134466620835850148e-01
3.134466620835555384e-01
3.134466620834880368e-01
3.134466620833755157e-01
3.134466620834296391e-01
3.134466620834764350e-01
3.134466620834472361e-01
3.134466620833564199e-01
3.188260984590062241e-01
3.188260984591850811e-01
3.188260984590942093e-01
3.188260984592110048e-01
3.188260984590117753e-01
3.188260984590808311e-01
3.188260984592565794e-01
3.188260984589146863e-01
3.188260984589961766e-01
3.188260984590302050e-01
3.188260984588679459e-01
3.188260984590443603e-01
3.188260984589703639e-01
3.188260984587985014e-01
3.188260984587615865e-01
3.188260984590853830e-01
3.188260984590439717e-01
3.188260984590152725e-01
3.188260984588449642e-01
3.188260984589861846e-01
3.188260984591050895e-01
3.188260984591063663e-01
3.188260984591300695e-01
3.188260984589469382e-01
3.188260984589875724e-01
3.188260984590699509e-01
3.188260984588906499e-01
3.188260984589473268e-01
3.188260984589931235e-01
3.188260984592206637e-01
3.188260984589934011e-01
3.188260984589350033e-01
3.188260984590327030e-01
3.188260984590720604e-01
3.188260984592065084e-01
3.188260984589015856e-01
3.188260984588920377e-01
3.188260984589073033e-01
3.188260984590747249e-01
3.188260984588227598e-01
3.188260984590087777e-01
3.188260984590500779e-01
3.188260984589437186e-01
3.188260984591695935e-01
3.188260984590803870e-01
3.188260984590672309e-01
3.188260984592063974e-01
3.188260984590909342e-01
3.188260984591085312e-01
3.188260984590268743e-01
3.121659810586626671e-01
3.123526941503144694e-01
3.123526941500488485e-01
3.123526941503430021e-01
3.123526941501123533e-01
3.123526941500829324e-01
3.123526941501036380e-01
3.123526941500878729e-01
3.123526941502574594e-01
3.123526941503207977e-01
3.123526941501654219e-01
3.123526941501930110e-01
3.123526941502823284e-01
3.123526941502108301e-01
3.123526941503306786e-01
3.123526941505172516e-01
3.123526941503268484e-01
3.123526941502510756e-01
3.123526941502095533e-01
3.123526941502106080e-01
3.123526941503339538e-01
3.123526941502982046e-01
3.123526941503448340e-01
3.123526941501835186e-01
3.123526941504179422e-01
3.123526941503393939e-01
3.123526941503406706e-01
3.123526941503455001e-01
3.123526941502745569e-01
3.123526941503788623e-01
3.123526941503466103e-01
3.123526941502549059e-01
3.123526941502767773e-01
3.123526941504333743e-01
3.123526941504725096e-01
3.123526941503048104e-01
3.123526941501666987e-01
3.123526941503214083e-01
3.123526941502701715e-01
3.123526941501926224e-01
3.123526941501595933e-01
3.123526941502698384e-01
3.123526941501352794e-01
3.123526941502111076e-01
3.123526941500767151e-01
3.123526941501397758e-01
3.123526941504330412e-01
3.123526941501562071e-01
3.123526941502930976e-01
3.121659810586626671e-01
