6.807034385813054422e-01
6.720327133930689145e-01
6.853610321844817443e-01
7.097895825021066640e-01
7.135603267325852928e-01
6.906935148449769857e-01
6.731645173315793373e-01
6.769223798036396733e-01
6.993059249154035539e-01
7.162620183039478672e-01
7.021480344954770247e-01
6.786937258941003748e-01
6.724580468091266860e-01
6.879587352142839674e-01
7.118442170422675241e-01
7.118442170422674131e-01
6.879587352142833012e-01
6.724580468091274632e-01
6.786937258941005968e-01
7.021480344954765807e-01
7.162620183039545285e-01
6.993059249154136570e-01
6.769223798036390072e-01
6.731645173315831121e-01
6.906935148449807604e-01
7.135603267325854038e-01
7.097895825021219851e-01
6.853610321845141629e-01
6.720327133930740215e-01
6.807034385812913424e-01
6.807034385812511523e-01
6.720327133930362740e-01
6.853610321845269304e-01
7.097895825021071081e-01
7.135603267325779653e-01
6.906935148449796502e-01
6.731645173315847774e-01
6.769223798036555495e-01
6.993059249154054413e-01
7.162620183039408728e-01
7.021480344954768027e-01
6.786937258941014850e-01
6.724580468091271301e-01
6.879587352142834122e-01
7.118442170422677462e-01
7.118442170422676352e-01
6.879587352142830792e-01
6.724580468091275742e-01
6.786937258941017070e-01
7.021480344954783570e-01
7.162620183039410948e-01
6.993059249154102153e-01
6.769223798036418938e-01
6.731645173315846664e-01
6.906935148449792061e-01
7.135603267325779653e-01
7.097895825021153238e-01
6.853610321845231557e-01
6.720327133930300567e-01
6.807034385812724686e-01
6.807034385812493760e-01
6.720327133930824592e-01
6.853610321845512443e-01
7.097895825021058869e-01
7.135603267325856258e-01
6.906935148449652173e-01
6.731645173315837782e-01
6.769223798036523299e-01
6.993059249154076618e-01
7.162620183039342114e-01
7.021480344954774688e-01
6.786937258940998197e-01
6.724580468091273522e-01
6.879587352142833012e-01
7.118442170422675241e-01
7.118442170422673021e-01
6.879587352142827461e-01
6.724580468091274632e-01
6.786937258941015960e-01
7.021480344954774688e-01
7.162620183039376531e-01
6.993059249154165435e-01
6.769223798036488882e-01
6.731645173315752295e-01
6.906935148449622197e-01
7.135603267325857368e-01
7.097895825021027782e-01
6.853610321845398090e-01
6.720327133930840136e-01
6.807034385812813504e-01
6.807034385812998911e-01
6.720327133930826813e-01
6.853610321845304831e-01
7.097895825020765770e-01
7.135603267326071641e-01
6.906935148449571127e-01
6.731645173315949915e-01
6.769223798036422268e-01
6.993059249154039980e-01
7.162620183039491994e-01
7.021480344954786901e-01
6.786937258941014850e-01
6.724580468091283514e-01
6.879587352142837453e-01
7.118442170422677462e-01
7.118442170422673021e-01
6.879587352142829682e-01
6.724580468091262420e-01
6.786937258940995976e-01
7.021480344954769137e-01
7.162620183039407618e-01
6.993059249154175427e-01
6.769223798036446693e-01
6.731645173315875530e-01
6.906935148449586670e-01
7.135603267326071641e-01
7.097895825020851257e-01
6.853610321845158282e-01
6.720327133930984465e-01
6.807034385813082178e-01
6.807034385813025557e-01
6.720327133930813490e-01
6.853610321845228226e-01
7.097895825021298677e-01
7.135603267325728583e-01
6.906935148449705464e-01
6.731645173315794484e-01
6.769223798036435591e-01
6.993059249154062185e-01
7.162620183039422050e-01
7.021480344954804664e-01
6.786937258941049267e-01
6.724580468091273522e-01
6.879587352142836343e-01
7.118442170422675241e-01
7.118442170422671911e-01
6.879587352142827461e-01
6.724580468091274632e-01
6.786937258941044826e-01
7.021480344954831310e-01
7.162620183039417610e-01
6.993059249154113255e-01
6.769223798036381190e-01
6.731645173315736752e-01
6.906935148449711015e-01
7.135603267325786314e-01
7.097895825021369731e-01
6.853610321845279296e-01
6.720327133930985575e-01
6.807034385812533728e-01
6.807034385813011124e-01
6.720327133930821262e-01
6.853610321845382547e-01
7.097895825020804628e-01
7.135603267325859589e-01
6.906935148449890871e-01
6.731645173315951025e-01
6.769223798036508866e-01
6.993059249154078838e-01
7.162620183039400956e-01
7.021480344954800223e-01
6.786937258940988205e-01
6.724580468091276853e-01
6.879587352142836343e-01
7.118442170422675241e-01
7.118442170422673021e-01
6.879587352142829682e-01
6.724580468091274632e-01
6.786937258940997086e-01
7.021480344954796893e-01
7.162620183039415389e-01
6.993059249154111034e-01
6.769223798036427819e-01
6.731645173315928821e-01
6.906935148449948603e-01
7.135603267325932864e-01
7.097895825020904548e-01
6.853610321845204911e-01
6.720327133930855679e-01
6.807034385812869015e-01
6.807034385812815724e-01
6.720327133930604768e-01
6.853610321845072795e-01
7.097895825021002247e-01
7.135603267325879573e-01
6.906935148449820927e-01
6.731645173315924380e-01
6.769223798036492212e-01
6.993059249154103263e-01
7.162620183039396515e-01
7.021480344954786901e-01
6.786937258940998197e-01
6.724580468091277963e-01
6.879587352142838563e-01
7.118442170422677462e-01
7.118442170422676352e-01
6.879587352142831902e-01
6.724580468091274632e-01
6.786937258941008189e-01
7.021480344954799113e-01
7.162620183039406507e-01
6.993059249154118806e-01
6.769223798036517747e-01
6.731645173315842223e-01
6.906935148449796502e-01
7.135603267325622001e-01
7.097895825020923422e-01
6.853610321845071685e-01
6.720327133930698027e-01
6.807034385812897881e-01
6.807034385812529287e-01
6.720327133930733554e-01
6.853610321845743369e-01
7.097895825021058869e-01
7.135603267325882904e-01
6.906935148449663275e-01
6.731645173315766728e-01
6.769223798036430040e-01
6.993059249154134349e-01
7.162620183039458688e-01
7.021480344954795783e-01
6.786937258940988205e-01
6.724580468091284624e-01
6.879587352142835233e-01
7.118442170422677462e-01
7.118442170422674131e-01
6.879587352142834122e-01
6.724580468091273522e-01
6.786937258940988205e-01
7.021480344954789121e-01
7.162620183039493105e-01
6.993059249154099932e-01
6.769223798036545503e-01
6.731645173315722319e-01
6.906935148449767636e-01
7.135603267325915100e-01
7.097895825020933414e-01
6.853610321845537978e-01
6.720327133930715791e-01
6.807034385812871236e-01
6.807034385812532618e-01
6.720327133930640295e-01
6.853610321845317044e-01
7.097895825020964500e-01
7.135603267325854038e-01
6.906935148449840911e-01
6.731645173315832231e-01
6.769223798036517747e-01
6.993059249154122137e-01
7.162620183039458688e-01
7.021480344954803554e-01
6.786937258941015960e-01
6.724580468091282404e-01
6.879587352142837453e-01
7.118442170422677462e-01
7.118442170422674131e-01
6.879587352142827461e-01
6.724580468091280183e-01
6.786937258941020401e-01
7.021480344954814656e-01
7.162620183039446475e-01
6.993059249154131018e-01
6.769223798036511086e-01
6.731645173315812247e-01
6.906935148449829809e-01
7.135603267325700827e-01
7.097895825020910099e-01
6.853610321845230446e-01
6.720327133930510399e-01
6.807034385812622546e-01
6.807034385813029997e-01
6.720327133930625862e-01
6.853610321844836317e-01
7.097895825021095506e-01
7.135603267325983934e-01
6.906935148449721007e-01
6.731645173315790043e-01
6.769223798036400064e-01
6.993059249154134349e-01
7.162620183039388744e-01
7.021480344954771358e-01
6.786937258940993756e-01
6.724580468091273522e-01
6.879587352142839674e-01
7.118442170422677462e-01
7.118442170422673021e-01
6.879587352142833012e-01
6.724580468091269081e-01
6.786937258940990425e-01
7.021480344954771358e-01
7.162620183039464239e-01
6.993059249154023327e-01
6.769223798036448914e-01
6.731645173315726760e-01
6.906935148449683259e-01
7.135603267325933974e-01
7.097895825020907878e-01
6.853610321844951780e-01
6.720327133930428243e-01
6.807034385812907873e-01
6.807034385812656963e-01
6.720327133930612540e-01
6.853610321845368114e-01
7.097895825020791305e-01
7.135603267326080523e-01
6.906935148449744322e-01
6.731645173315902175e-01
6.769223798036455575e-01
6.993059249154138790e-01
7.162620183039440924e-01
7.021480344954761366e-01
6.786937258940990425e-01
6.724580468091274632e-01
6.879587352142838563e-01
7.118442170422677462e-01
7.118442170422674131e-01
6.879587352142833012e-01
6.724580468091281293e-01
6.786937258941003748e-01
7.021480344954751374e-01
7.162620183039412058e-01
6.993059249154095491e-01
6.769223798036523299e-01
6.731645173315902175e-01
6.906935148449789841e-01
7.135603267326025012e-01
7.097895825020819061e-01
6.853610321845368114e-01
6.720327133930998897e-01
6.807034385812661403e-01
6.807034385813250932e-01
6.720327133930388275e-01
6.853610321845148290e-01
7.097895825020835714e-01
7.135603267326249277e-01
6.906935148449532269e-01
6.731645173315766728e-01
6.769223798036366757e-01
6.993059249154063295e-01
7.162620183039436483e-01
7.021480344954780239e-01
6.786937258940985984e-01
6.724580468091280183e-01
6.879587352142836343e-01
7.118442170422675241e-01
7.118442170422673021e-01
6.879587352142827461e-01
6.724580468091282404e-01
6.786937258940998197e-01
7.021480344954754704e-01
7.162620183039472010e-01
6.993059249154173207e-01
6.769223798036299033e-01
6.731645173315738973e-01
6.906935148449633299e-01
7.135603267326211530e-01
7.097895825020898997e-01
6.853610321845168274e-01
6.720327133930477093e-01
6.807034385813047761e-01
6.807034385813018895e-01
6.720327133930199537e-01
6.853610321845421405e-01
7.097895825021084404e-01
7.135603267325812959e-01
6.906935148449458994e-01
6.731645173315766728e-01
6.769223798036446693e-01
6.993059249154158774e-01
7.162620183039410948e-01
7.021480344954801334e-01
6.786937258941008189e-01
6.724580468091276853e-01
6.879587352142833012e-01
7.118442170422677462e-01
7.118442170422674131e-01
6.879587352142825241e-01
6.724580468091275742e-01
6.786937258940997086e-01
7.021480344954776909e-01
7.162620183039398736e-01
6.993059249154205403e-01
6.769223798036347883e-01
6.731645173315841113e-01
6.906935148449603323e-01
7.135603267325846266e-01
7.097895825021065530e-01
6.853610321845450271e-01
6.720327133930228403e-01
6.807034385813082178e-01
6.807034385813381938e-01
6.720327133930805719e-01
6.853610321845035047e-01
7.097895825021113270e-01
7.135603267325894006e-01
6.906935148449844242e-01
6.731645173315926600e-01
6.769223798036474449e-01
6.993059249154049972e-01
7.162620183039424271e-01
7.021480344954734720e-01
6.786937258941005968e-01
6.724580468091273522e-01
6.879587352142838563e-01
7.118442170422677462e-01
7.118442170422675241e-01
6.879587352142833012e-01
6.724580468091275742e-01
6.786937258941009299e-01
7.021480344954781350e-01
7.162620183039412058e-01
6.993059249154103263e-01
6.769223798036489992e-01
6.731645173315793373e-01
6.906935148449797612e-01
7.135603267325894006e-01
7.097895825021136584e-01
6.853610321845324815e-01
6.720327133930863450e-01
6.807034385813032218e-01
6.807034385812943400e-01
6.720327133930719121e-01
6.853610321845420295e-01
7.097895825020921201e-01
7.135603267325933974e-01
6.906935148449715456e-01
6.731645173315915498e-01
6.769223798036584361e-01
6.993059249154121026e-01
7.162620183039400956e-01
7.021480344954762476e-01
6.786937258940995976e-01
6.724580468091282404e-01
6.879587352142835233e-01
7.118442170422675241e-01
7.118442170422676352e-01
6.879587352142831902e-01
6.724580468091285734e-01
6.786937258940995976e-01
7.021480344954754704e-01
7.162620183039437594e-01
6.993059249154165435e-01
6.769223798036642092e-01
6.731645173315825570e-01
6.906935148449693251e-01
7.135603267325855148e-01
7.097895825020860139e-01
6.853610321845201581e-01
6.720327133930550367e-01
6.807034385812769095e-01
6.807034385812786859e-01
6.720327133930303898e-01
6.853610321845390319e-01
7.097895825020965610e-01
7.135603267325983934e-01
6.906935148449866446e-01
6.731645173315959907e-01
6.769223798036466677e-01
6.993059249154195411e-01
7.162620183039397626e-01
7.021480344954795783e-01
6.786937258940998197e-01
6.724580468091285734e-01
6.879587352142833012e-01
7.118442170422677462e-01
7.118442170422675241e-01
6.879587352142828571e-01
6.724580468091284624e-01
6.786937258941005968e-01
7.021480344954810215e-01
7.162620183039407618e-01
6.993059249154066626e-01
6.769223798036501094e-01
6.731645173315924380e-01
6.906935148449914186e-01
7.135603267325905108e-01
7.097895825020906768e-01
6.853610321845399200e-01
6.720327133930239505e-01
6.807034385812943400e-01
6.807034385812880117e-01
6.720327133930691366e-01
6.853610321845213793e-01
7.097895825020950067e-01
7.135603267326080523e-01
6.906935148449744322e-01
6.731645173315889963e-01
6.769223798036480000e-01
6.993059249154087720e-01
7.162620183039357658e-01
7.021480344954748043e-01
6.786937258941017070e-01
6.724580468091273522e-01
6.879587352142836343e-01
7.118442170422675241e-01
7.118442170422671911e-01
6.879587352142828571e-01
6.724580468091270191e-01
6.786937258941020401e-01
7.021480344954740271e-01
7.162620183039375421e-01
6.993059249154099932e-01
6.769223798036545503e-01
6.731645173315903286e-01
6.906935148449806494e-01
7.135603267326036114e-01
7.097895825020764660e-01
6.853610321845373665e-01
6.720327133930447117e-01
6.807034385812594790e-01
6.807034385812475996e-01
6.720327133930416030e-01
6.853610321845321485e-01
7.097895825020800187e-01
7.135603267325909549e-01
6.906935148449653283e-01
6.731645173315732311e-01
6.769223798036456685e-01
6.993059249154052193e-01
7.162620183039482002e-01
7.021480344954772468e-01
6.786937258940998197e-01
6.724580468091270191e-01
6.879587352142837453e-01
7.118442170422677462e-01
7.118442170422674131e-01
6.879587352142833012e-01
6.724580468091277963e-01
6.786937258941024842e-01
7.021480344954745823e-01
7.162620183039463129e-01
6.993059249154129908e-01
6.769223798036412276e-01
6.731645173315810027e-01
6.906935148449755424e-01
7.135603267325943966e-01
7.097895825020935634e-01
6.853610321845351461e-01
6.720327133930397157e-01
6.807034385812728017e-01
6.807034385812765764e-01
6.720327133930774632e-01
6.853610321845678977e-01
7.097895825020832383e-01
7.135603267326018351e-01
6.906935148449723227e-01
6.731645173315696784e-01
6.769223798036516637e-01
6.993059249154111034e-01
7.162620183039403177e-01
7.021480344954776909e-01
6.786937258940981543e-01
6.724580468091275742e-01
6.879587352142837453e-01
7.118442170422675241e-01
7.118442170422674131e-01
6.879587352142831902e-01
6.724580468091275742e-01
6.786937258940978213e-01
7.021480344954759145e-01
7.162620183039428712e-01
6.993059249154125467e-01
6.769223798036548834e-01
6.731645173315771169e-01
6.906935148449689921e-01
7.135603267325906218e-01
7.097895825020962279e-01
6.853610321845520215e-01
6.720327133930859009e-01
6.807034385812714694e-01
6.807034385812641419e-01
6.720327133930669161e-01
6.853610321845139408e-01
7.097895825020829053e-01
7.135603267325673071e-01
6.906935148449597772e-01
6.731645173315988773e-01
6.769223798036474449e-01
6.993059249154102153e-01
7.162620183039415389e-01
7.021480344954791342e-01
6.786937258940990425e-01
6.724580468091277963e-01
6.879587352142837453e-01
7.118442170422677462e-01
7.118442170422673021e-01
6.879587352142833012e-01
6.724580468091275742e-01
6.786937258940987094e-01
7.021480344954781350e-01
7.162620183039448696e-01
6.993059249154091050e-01
6.769223798036421158e-01
6.731645173315933262e-01
6.906935148449642181e-01
7.135603267325700827e-01
7.097895825020905658e-01
6.853610321845087228e-01
6.720327133930458219e-01
6.807034385812879007e-01
6.807034385812912314e-01
6.720327133930850128e-01
6.853610321845344799e-01
7.097895825020651417e-01
7.135603267326053878e-01
6.906935148449895312e-01
6.731645173315955466e-01
6.769223798036493323e-01
6.993059249154024437e-01
7.162620183039396515e-01
7.021480344954778019e-01
6.786937258940991535e-01
6.724580468091273522e-01
6.879587352142833012e-01
7.118442170422677462e-01
7.118442170422674131e-01
6.879587352142825241e-01
6.724580468091281293e-01
6.786937258941008189e-01
7.021480344954780239e-01
7.162620183039405397e-01
6.993059249154064405e-01
6.769223798036527739e-01
6.731645173315959907e-01
6.906935148450007445e-01
7.135603267326002808e-01
7.097895825020510419e-01
6.853610321845361453e-01
6.720327133930654728e-01
6.807034385813069965e-01
6.807034385812458233e-01
6.720327133930708019e-01
6.853610321845039488e-01
7.097895825020744676e-01
7.135603267326123822e-01
6.906935148449782069e-01
6.731645173315969899e-01
6.769223798036406725e-01
6.993059249154141011e-01
7.162620183039426491e-01
7.021480344954758035e-01
6.786937258941019291e-01
6.724580468091276853e-01
6.879587352142836343e-01
7.118442170422677462e-01
7.118442170422674131e-01
6.879587352142831902e-01
6.724580468091267971e-01
6.786937258941008189e-01
7.021480344954762476e-01
7.162620183039424271e-01
6.993059249154092161e-01
6.769223798036468898e-01
6.731645173315833341e-01
6.906935148449832029e-01
7.135603267326020571e-01
7.097895825020688054e-01
6.853610321845201581e-01
6.720327133930719121e-01
6.807034385812472665e-01
6.807034385813156563e-01
6.720327133930726893e-01
6.853610321845188258e-01
7.097895825020813509e-01
7.135603267325877352e-01
6.906935148449774298e-01
6.731645173315881081e-01
6.769223798036511086e-01
6.993059249154101042e-01
7.162620183039445365e-01
7.021480344954789121e-01
6.786937258940995976e-01
6.724580468091263530e-01
6.879587352142841894e-01
7.118442170422677462e-01
7.118442170422674131e-01
6.879587352142836343e-01
6.724580468091264640e-01
6.786937258941000417e-01
7.021480344954769137e-01
7.162620183039453137e-01
6.993059249154109924e-01
6.769223798036575479e-01
6.731645173315928821e-01
6.906935148449799833e-01
7.135603267325879573e-01
7.097895825020866800e-01
6.853610321845101661e-01
6.720327133930665831e-01
6.807034385813227617e-01
6.807034385812891220e-01
6.720327133930452668e-01
6.853610321845255982e-01
7.097895825021018901e-01
7.135603267325864030e-01
6.906935148449895312e-01
6.731645173315999875e-01
6.769223798036464457e-01
6.993059249154136570e-01
7.162620183039438704e-01
7.021480344954792452e-01
6.786937258941028173e-01
6.724580468091274632e-01
6.879587352142835233e-01
7.118442170422675241e-01
7.118442170422671911e-01
6.879587352142830792e-01
6.724580468091277963e-01
6.786937258941004858e-01
7.021480344954791342e-01
7.162620183039446475e-01
6.993059249154151003e-01
6.769223798036457795e-01
6.731645173315945474e-01
6.906935148449901973e-01
7.135603267325807408e-01
7.097895825021043326e-01
6.853610321845146069e-01
6.720327133930544816e-01
6.807034385812653632e-01
6.807034385812558153e-01
6.720327133930782404e-01
6.853610321845529096e-01
7.097895825021005578e-01
7.135603267325745236e-01
6.906935148449757644e-01
6.731645173315836672e-01
6.769223798036527739e-01
6.993059249154142121e-01
7.162620183039410948e-01
7.021480344954778019e-01
6.786937258940990425e-01
6.724580468091273522e-01
6.879587352142836343e-01
7.118442170422675241e-01
7.118442170422671911e-01
6.879587352142833012e-01
6.724580468091269081e-01
6.786937258940998197e-01
7.021480344954759145e-01
7.162620183039374311e-01
6.993059249154127688e-01
6.769223798036484441e-01
6.731645173315862207e-01
6.906935148449623307e-01
7.135603267325744126e-01
7.097895825021139915e-01
6.853610321845281517e-01
6.720327133930957819e-01
6.807034385812616994e-01
6.807034385812946731e-01
6.720327133930581454e-01
6.853610321845506892e-01
7.097895825021083294e-01
7.135603267325728583e-01
6.906935148449813155e-01
6.731645173315846664e-01
6.769223798036483331e-01
6.993059249154126578e-01
7.162620183039370980e-01
7.021480344954815767e-01
6.786937258941003748e-01
6.724580468091280183e-01
6.879587352142836343e-01
7.118442170422676352e-01
7.118442170422671911e-01
6.879587352142830792e-01
6.724580468091266860e-01
6.786937258940995976e-01
7.021480344954781350e-01
7.162620183039382082e-01
6.993059249154163215e-01
6.769223798036492212e-01
6.731645173315814468e-01
6.906935148449747652e-01
7.135603267325872912e-01
7.097895825020940075e-01
6.853610321845446940e-01
6.720327133930675823e-01
6.807034385813028887e-01
6.807034385812267274e-01
6.720327133930725783e-01
6.853610321845194919e-01
7.097895825020851257e-01
7.135603267326111609e-01
6.906935148449718787e-01
6.731645173315832231e-01
6.769223798036575479e-01
6.993059249154147672e-01
7.162620183039328792e-01
7.021480344954778019e-01
6.786937258941013740e-01
6.724580468091291285e-01
6.879587352142836343e-01
7.118442170422675241e-01
7.118442170422673021e-01
6.879587352142831902e-01
6.724580468091287955e-01
6.786937258941030393e-01
7.021480344954771358e-01
7.162620183039374311e-01
6.993059249154105483e-01
6.769223798036597683e-01
6.731645173315857766e-01
6.906935148449768747e-01
7.135603267325896226e-01
7.097895825021081073e-01
6.853610321845046149e-01
6.720327133930591446e-01
6.807034385812504862e-01
6.807034385812656963e-01
6.720327133930914520e-01
6.853610321845291509e-01
7.097895825020944516e-01
7.135603267326007249e-01
6.906935148449743211e-01
6.731645173315842223e-01
6.769223798036494433e-01
6.993059249153992241e-01
7.162620183039314359e-01
7.021480344954809105e-01
6.786937258941020401e-01
6.724580468091280183e-01
6.879587352142835233e-01
7.118442170422676352e-01
7.118442170422673021e-01
6.879587352142829682e-01
6.724580468091269081e-01
6.786937258941020401e-01
7.021480344954786901e-01
7.162620183039345445e-01
6.993059249154108814e-01
6.769223798036529960e-01
6.731645173315784492e-01
6.906935148449853124e-01
7.135603267326036114e-01
7.097895825020911209e-01
6.853610321845339248e-01
6.720327133930852348e-01
6.807034385812901212e-01
6.807034385813026667e-01
6.720327133930300567e-01
6.853610321845367004e-01
7.097895825021128813e-01
7.135603267325929533e-01
6.906935148449787620e-01
6.731645173315864428e-01
6.769223798036431150e-01
6.993059249154033319e-01
7.162620183039368760e-01
7.021480344954765807e-01
6.786937258941015960e-01
6.724580468091277963e-01
6.879587352142838563e-01
7.118442170422675241e-01
7.118442170422674131e-01
6.879587352142836343e-01
6.724580468091282404e-01
6.786937258941009299e-01
7.021480344954759145e-01
7.162620183039426491e-01
6.993059249154115475e-01
6.769223798036378970e-01
6.731645173315939923e-01
6.906935148449858675e-01
7.135603267325970611e-01
7.097895825021017790e-01
6.853610321845410303e-01
6.720327133930463770e-01
6.807034385813074406e-01
6.807034385813564015e-01
6.720327133930676933e-01
6.853610321844972875e-01
7.097895825021016680e-01
7.135603267325786314e-01
6.906935148449696582e-01
6.731645173315859987e-01
6.769223798036447803e-01
6.993059249154024437e-01
7.162620183039416499e-01
7.021480344954806885e-01
6.786937258940968221e-01
6.724580468091275742e-01
6.879587352142838563e-01
7.118442170422675241e-01
7.118442170422671911e-01
6.879587352142834122e-01
6.724580468091281293e-01
6.786937258940980433e-01
7.021480344954800223e-01
7.162620183039486443e-01
6.993059249154106594e-01
6.769223798036396733e-01
6.731645173315917718e-01
6.906935148449788731e-01
7.135603267325830723e-01
7.097895825020936744e-01
6.853610321844934017e-01
6.720327133930846797e-01
6.807034385813431898e-01
