-1.323303461980588480e+01
-1.230388228602011935e+01
-1.137714144064045918e+01
-1.047053376093222887e+01
-9.579833154832195774e+00
-8.678265325958658849e+00
-7.754894896635917689e+00
-6.824376943026351228e+00
-5.907538713274066211e+00
-5.012357602929618849e+00
-4.118804126363252216e+00
-3.204432070663358001e+00
-2.274462516102547571e+00
-1.349294363418710674e+00
-4.452519778522825433e-01
4.452519778522798233e-01
1.349294363418710896e+00
2.274462516102545351e+00
3.204432070663355780e+00
4.118804126363253104e+00
5.012357602929617073e+00
5.907538713274062658e+00
6.824376943026351228e+00
7.754894896635915913e+00
8.678265325958657073e+00
9.579833154832195774e+00
1.047053376093222532e+01
1.137714144064045740e+01
1.230388228602011935e+01
1.323303461980588303e+01
-1.323303461980588658e+01
-1.230388228602012113e+01
-1.137714144064045740e+01
-1.047053376093222710e+01
-9.579833154832195774e+00
-8.678265325958658849e+00
-7.754894896635917689e+00
-6.824376943026349451e+00
-5.907538713274066211e+00
-5.012357602929618849e+00
-4.118804126363252216e+00
-3.204432070663357557e+00
-2.274462516102548015e+00
-1.349294363418710896e+00
-4.452519778522825433e-01
4.452519778522797678e-01
1.349294363418710896e+00
2.274462516102545351e+00
3.204432070663355780e+00
4.118804126363252216e+00
5.012357602929617961e+00
5.907538713274061770e+00
6.824376943026351228e+00
7.754894896635915913e+00
8.678265325958657073e+00
9.579833154832195774e+00
1.047053376093222532e+01
1.137714144064045563e+01
1.230388228602012113e+01
1.323303461980588303e+01
-1.323303461980588835e+01
-1.230388228602011935e+01
-1.137714144064045740e+01
-1.047053376093222887e+01
-9.579833154832195774e+00
-8.678265325958660625e+00
-7.754894896635917689e+00
-6.824376943026350339e+00
-5.907538713274065323e+00
-5.012357602929620626e+00
-4.118804126363253104e+00
-3.204432070663358001e+00
-2.274462516102547571e+00
-1.349294363418711118e+00
-4.452519778522825988e-01
4.452519778522798233e-01
1.349294363418711118e+00
2.274462516102545351e+00
3.204432070663355780e+00
4.118804126363253104e+00
5.012357602929618849e+00
5.907538713274061770e+00
6.824376943026350339e+00
7.754894896635917689e+00
8.678265325958658849e+00
9.579833154832195774e+00
1.047053376093222532e+01
1.137714144064045385e+01
1.230388228602011935e+01
1.323303461980588303e+01
-1.323303461980588480e+01
-1.230388228602011935e+01
-1.137714144064045740e+01
-1.047053376093223065e+01
-9.579833154832193998e+00
-8.678265325958662402e+00
-7.754894896635916801e+00
-6.824376943026351228e+00
-5.907538713274065323e+00
-5.012357602929618849e+00
-4.118804126363252216e+00
-3.204432070663357557e+00
-2.274462516102547127e+00
-1.349294363418710674e+00
-4.452519778522825988e-01
4.452519778522798233e-01
1.349294363418710896e+00
2.274462516102545795e+00
3.204432070663356225e+00
4.118804126363253104e+00
5.012357602929617961e+00
5.907538713274060882e+00
6.824376943026350339e+00
7.754894896635915913e+00
8.678265325958658849e+00
9.579833154832193998e+00
1.047053376093222710e+01
1.137714144064045563e+01
1.230388228602011758e+01
1.323303461980588125e+01
-1.323303461980588480e+01
-1.230388228602011935e+01
-1.137714144064045740e+01
-1.047053376093222710e+01
-9.579833154832195774e+00
-8.678265325958662402e+00
-7.754894896635917689e+00
-6.824376943026351228e+00
-5.907538713274065323e+00
-5.012357602929619738e+00
-4.118804126363251328e+00
-3.204432070663357113e+00
-2.274462516102547571e+00
-1.349294363418710896e+00
-4.452519778522826543e-01
4.452519778522798233e-01
1.349294363418711118e+00
2.274462516102545351e+00
3.204432070663354892e+00
4.118804126363251328e+00
5.012357602929618849e+00
5.907538713274061770e+00
6.824376943026351228e+00
7.754894896635916801e+00
8.678265325958658849e+00
9.579833154832195774e+00
1.047053376093222532e+01
1.137714144064045563e+01
1.230388228602011935e+01
1.323303461980588480e+01
-1.323303461980588480e+01
-1.230388228602011935e+01
-1.137714144064045740e+01
-1.047053376093223065e+01
-9.579833154832195774e+00
-8.678265325958658849e+00
-7.754894896635917689e+00
-6.824376943026350339e+00
-5.907538713274065323e+00
-5.012357602929618849e+00
-4.118804126363252216e+00
-3.204432070663358445e+00
-2.274462516102547571e+00
-1.349294363418710896e+00
-4.452519778522825988e-01
4.452519778522798233e-01
1.349294363418711118e+00
2.274462516102545351e+00
3.204432070663356225e+00
4.118804126363252216e+00
5.012357602929617961e+00
5.907538713274062658e+00
6.824376943026350339e+00
7.754894896635915913e+00
8.678265325958657073e+00
9.579833154832193998e+00
1.047053376093222710e+01
1.137714144064045740e+01
1.230388228602011935e+01
1.323303461980588303e+01
-1.323303461980588480e+01
-1.230388228602011935e+01
-1.137714144064045740e+01
-1.047053376093222887e+01
-9.579833154832195774e+00
-8.678265325958660625e+00
-7.754894896635917689e+00
-6.824376943026351228e+00
-5.907538713274065323e+00
-5.012357602929619738e+00
-4.118804126363252216e+00
-3.204432070663358445e+00
-2.274462516102547571e+00
-1.349294363418710674e+00
-4.452519778522825433e-01
4.452519778522797678e-01
1.349294363418710896e+00
2.274462516102545351e+00
3.204432070663356225e+00
4.118804126363252216e+00
5.012357602929617961e+00
5.907538713274061770e+00
6.824376943026350339e+00
7.754894896635915913e+00
8.678265325958657073e+00
9.579833154832197550e+00
1.047053376093222710e+01
1.137714144064045740e+01
1.230388228602011935e+01
1.323303461980588303e+01
-1.323303461980588835e+01
-1.230388228602011935e+01
-1.137714144064045740e+01
-1.047053376093222710e+01
-9.579833154832193998e+00
-8.678265325958660625e+00
-7.754894896635918577e+00
-6.824376943026351228e+00
-5.907538713274064435e+00
-5.012357602929618849e+00
-4.118804126363251328e+00
-3.204432070663358001e+00
-2.274462516102547127e+00
-1.349294363418710896e+00
-4.452519778522825433e-01
4.452519778522798233e-01
1.349294363418710896e+00
2.274462516102545351e+00
3.204432070663356225e+00
4.118804126363252216e+00
5.012357602929617073e+00
5.907538713274062658e+00
6.824376943026349451e+00
7.754894896635917689e+00
8.678265325958657073e+00
9.579833154832193998e+00
1.047053376093222710e+01
1.137714144064045563e+01
1.230388228602011935e+01
1.323303461980588303e+01
-1.323303461980588835e+01
-1.230388228602012113e+01
-1.137714144064045740e+01
-1.047053376093222887e+01
-9.579833154832195774e+00
-8.678265325958658849e+00
-7.754894896635917689e+00
-6.824376943026350339e+00
-5.907538713274065323e+00
-5.012357602929618849e+00
-4.118804126363252216e+00
-3.204432070663358001e+00
-2.274462516102547127e+00
-1.349294363418710896e+00
-4.452519778522825433e-01
4.452519778522798233e-01
1.349294363418711118e+00
2.274462516102545351e+00
3.204432070663355780e+00
4.118804126363252216e+00
5.012357602929617961e+00
5.907538713274061770e+00
6.824376943026350339e+00
7.754894896635915913e+00
8.678265325958657073e+00
9.579833154832197550e+00
1.047053376093222710e+01
1.137714144064045740e+01
1.230388228602012113e+01
1.323303461980588480e+01
-1.323303461980588480e+01
-1.230388228602011935e+01
-1.137714144064046096e+01
-1.047053376093222710e+01
-9.579833154832195774e+00
-8.678265325958660625e+00
-7.754894896635918577e+00
-6.824376943026351228e+00
-5.907538713274064435e+00
-5.012357602929619738e+00
-4.118804126363252216e+00
-3.204432070663358445e+00
-2.274462516102547571e+00
-1.349294363418710674e+00
-4.452519778522825433e-01
4.452519778522798788e-01
1.349294363418710896e+00
2.274462516102545795e+00
3.204432070663356225e+00
4.118804126363253104e+00
5.012357602929617961e+00
5.907538713274062658e+00
6.824376943026350339e+00
7.754894896635917689e+00
8.678265325958658849e+00
9.579833154832195774e+00
1.047053376093222710e+01
1.137714144064045740e+01
1.230388228602012113e+01
1.323303461980588303e+01
-1.323303461980588480e+01
-1.230388228602011935e+01
-1.137714144064045740e+01
-1.047053376093223065e+01
-9.579833154832193998e+00
-8.678265325958660625e+00
-7.754894896635916801e+00
-6.824376943026351228e+00
-5.907538713274064435e+00
-5.012357602929619738e+00
-4.118804126363253104e+00
-3.204432070663358445e+00
-2.274462516102547571e+00
-1.349294363418710674e+00
-4.452519778522824323e-01
4.452519778522797678e-01
1.349294363418710896e+00
2.274462516102545351e+00
3.204432070663356225e+00
4.118804126363253104e+00
5.012357602929618849e+00
5.907538713274061770e+00
6.824376943026349451e+00
7.754894896635915025e+00
8.678265325958657073e+00
9.579833154832193998e+00
1.047053376093222887e+01
1.137714144064045563e+01
1.230388228602011758e+01
1.323303461980588303e+01
-1.323303461980588303e+01
-1.230388228602012113e+01
-1.137714144064045740e+01
-1.047053376093223065e+01
-9.579833154832192221e+00
-8.678265325958662402e+00
-7.754894896635918577e+00
-6.824376943026351228e+00
-5.907538713274065323e+00
-5.012357602929619738e+00
-4.118804126363252216e+00
-3.204432070663358445e+00
-2.274462516102547571e+00
-1.349294363418710896e+00
-4.452519778522825433e-01
4.452519778522799343e-01
1.349294363418711118e+00
2.274462516102545351e+00
3.204432070663355780e+00
4.118804126363253104e+00
5.012357602929617961e+00
5.907538713274060882e+00
6.824376943026351228e+00
7.754894896635916801e+00
8.678265325958658849e+00
9.579833154832193998e+00
1.047053376093222532e+01
1.137714144064045740e+01
1.230388228602012113e+01
1.323303461980588125e+01
-1.323303461980588480e+01
-1.230388228602012290e+01
-1.137714144064045740e+01
-1.047053376093222710e+01
-9.579833154832195774e+00
-8.678265325958662402e+00
-7.754894896635917689e+00
-6.824376943026351228e+00
-5.907538713274064435e+00
-5.012357602929620626e+00
-4.118804126363252216e+00
-3.204432070663358001e+00
-2.274462516102547571e+00
-1.349294363418710896e+00
-4.452519778522824878e-01
4.452519778522798788e-01
1.349294363418711118e+00
2.274462516102545351e+00
3.204432070663356225e+00
4.118804126363252216e+00
5.012357602929618849e+00
5.907538713274060882e+00
6.824376943026351228e+00
7.754894896635915913e+00
8.678265325958658849e+00
9.579833154832195774e+00
1.047053376093222532e+01
1.137714144064045563e+01
1.230388228602012290e+01
1.323303461980588303e+01
-1.323303461980588303e+01
-1.230388228602011935e+01
-1.137714144064045918e+01
-1.047053376093222710e+01
-9.579833154832195774e+00
-8.678265325958658849e+00
-7.754894896635917689e+00
-6.824376943026351228e+00
-5.907538713274065323e+00
-5.012357602929619738e+00
-4.118804126363253104e+00
-3.204432070663358001e+00
-2.274462516102547571e+00
-1.349294363418710674e+00
-4.452519778522824878e-01
4.452519778522798788e-01
1.349294363418710896e+00
2.274462516102545351e+00
3.204432070663356225e+00
4.118804126363252216e+00
5.012357602929617961e+00
5.907538713274061770e+00
6.824376943026350339e+00
7.754894896635915913e+00
8.678265325958657073e+00
9.579833154832195774e+00
1.047053376093222532e+01
1.137714144064045563e+01
1.230388228602011935e+01
1.323303461980588125e+01
-1.323303461980588480e+01
-1.230388228602011935e+01
-1.137714144064045740e+01
-1.047053376093223065e+01
-9.579833154832195774e+00
-8.678265325958660625e+00
-7.754894896635917689e+00
-6.824376943026349451e+00
-5.907538713274065323e+00
-5.012357602929619738e+00
-4.118804126363252216e+00
-3.204432070663358445e+00
-2.274462516102547127e+00
-1.349294363418710674e+00
-4.452519778522824878e-01
4.452519778522798788e-01
1.349294363418711118e+00
2.274462516102544907e+00
3.204432070663356225e+00
4.118804126363253104e+00
5.012357602929617961e+00
5.907538713274061770e+00
6.824376943026348563e+00
7.754894896635915913e+00
8.678265325958658849e+00
9.579833154832197550e+00
1.047053376093222710e+01
1.137714144064045740e+01
1.230388228602011935e+01
1.323303461980588303e+01
-1.323303461980588480e+01
-1.230388228602012113e+01
-1.137714144064045740e+01
-1.047053376093222887e+01
-9.579833154832195774e+00
-8.678265325958658849e+00
-7.754894896635916801e+00
-6.824376943026350339e+00
-5.907538713274064435e+00
-5.012357602929619738e+00
-4.118804126363251328e+00
-3.204432070663358001e+00
-2.274462516102547127e+00
-1.349294363418710896e+00
-4.452519778522824878e-01
4.452519778522798788e-01
1.349294363418711118e+00
2.274462516102545351e+00
3.204432070663355780e+00
4.118804126363252216e+00
5.012357602929617961e+00
5.907538713274062658e+00
6.824376943026350339e+00
7.754894896635915913e+00
8.678265325958657073e+00
9.579833154832195774e+00
1.047053376093222710e+01
1.137714144064045563e+01
1.230388228602012290e+01
1.323303461980588303e+01
-1.323303461980588480e+01
-1.230388228602011935e+01
-1.137714144064045740e+01
-1.047053376093223065e+01
-9.579833154832193998e+00
-8.678265325958660625e+00
-7.754894896635917689e+00
-6.824376943026350339e+00
-5.907538713274065323e+00
-5.012357602929620626e+00
-4.118804126363252216e+00
-3.204432070663357557e+00
-2.274462516102547571e+00
-1.349294363418710896e+00
-4.452519778522824878e-01
4.452519778522799343e-01
1.349294363418711118e+00
2.274462516102545795e+00
3.204432070663355336e+00
4.118804126363253104e+00
5.012357602929618849e+00
5.907538713274061770e+00
6.824376943026349451e+00
7.754894896635915913e+00
8.678265325958657073e+00
9.579833154832193998e+00
1.047053376093222710e+01
1.137714144064045563e+01
1.230388228602012113e+01
1.323303461980588480e+01
-1.323303461980588658e+01
-1.230388228602011935e+01
-1.137714144064045740e+01
-1.047053376093223065e+01
-9.579833154832195774e+00
-8.678265325958662402e+00
-7.754894896635918577e+00
-6.824376943026351228e+00
-5.907538713274065323e+00
-5.012357602929618849e+00
-4.118804126363252216e+00
-3.204432070663357557e+00
-2.274462516102548015e+00
-1.349294363418710674e+00
-4.452519778522824323e-01
4.452519778522798788e-01
1.349294363418710896e+00
2.274462516102545351e+00
3.204432070663355336e+00
4.118804126363253104e+00
5.012357602929617961e+00
5.907538713274061770e+00
6.824376943026351228e+00
7.754894896635915913e+00
8.678265325958658849e+00
9.579833154832195774e+00
1.047053376093222710e+01
1.137714144064045563e+01
1.230388228602012290e+01
1.323303461980588303e+01
-1.323303461980588658e+01
-1.230388228602011935e+01
-1.137714144064045563e+01
-1.047053376093223065e+01
-9.579833154832193998e+00
-8.678265325958660625e+00
-7.754894896635919466e+00
-6.824376943026351228e+00
-5.907538713274065323e+00
-5.012357602929619738e+00
-4.118804126363252216e+00
-3.204432070663358445e+00
-2.274462516102547571e+00
-1.349294363418710674e+00
-4.452519778522824878e-01
4.452519778522798788e-01
1.349294363418710896e+00
2.274462516102545351e+00
3.204432070663356669e+00
4.118804126363253104e+00
5.012357602929617961e+00
5.907538713274061770e+00
6.824376943026349451e+00
7.754894896635917689e+00
8.678265325958658849e+00
9.579833154832195774e+00
1.047053376093222710e+01
1.137714144064045385e+01
1.230388228602011935e+01
1.323303461980588480e+01
-1.323303461980588480e+01
-1.230388228602012113e+01
-1.137714144064045918e+01
-1.047053376093223065e+01
-9.579833154832197550e+00
-8.678265325958662402e+00
-7.754894896635917689e+00
-6.824376943026350339e+00
-5.907538713274064435e+00
-5.012357602929619738e+00
-4.118804126363252216e+00
-3.204432070663358445e+00
-2.274462516102547571e+00
-1.349294363418710674e+00
-4.452519778522824878e-01
4.452519778522798788e-01
1.349294363418710896e+00
2.274462516102545351e+00
3.204432070663356225e+00
4.118804126363252216e+00
5.012357602929617073e+00
5.907538713274061770e+00
6.824376943026351228e+00
7.754894896635915913e+00
8.678265325958658849e+00
9.579833154832197550e+00
1.047053376093222710e+01
1.137714144064045740e+01
1.230388228602012290e+01
1.323303461980588303e+01
-1.323303461980588480e+01
-1.230388228602012113e+01
-1.137714144064045740e+01
-1.047053376093223065e+01
-9.579833154832195774e+00
-8.678265325958658849e+00
-7.754894896635917689e+00
-6.824376943026349451e+00
-5.907538713274066211e+00
-5.012357602929620626e+00
-4.118804126363252216e+00
-3.204432070663358001e+00
-2.274462516102547571e+00
-1.349294363418710896e+00
-4.452519778522824878e-01
4.452519778522798788e-01
1.349294363418711118e+00
2.274462516102545351e+00
3.204432070663356225e+00
4.118804126363252216e+00
5.012357602929618849e+00
5.907538713274062658e+00
6.824376943026349451e+00
7.754894896635915913e+00
8.678265325958657073e+00
9.579833154832195774e+00
1.047053376093222887e+01
1.137714144064045563e+01
1.230388228602012113e+01
1.323303461980588125e+01
-1.323303461980588658e+01
-1.230388228602011935e+01
-1.137714144064045740e+01
-1.047053376093223065e+01
-9.579833154832193998e+00
-8.678265325958660625e+00
-7.754894896635916801e+00
-6.824376943026352116e+00
-5.907538713274065323e+00
-5.012357602929619738e+00
-4.118804126363252216e+00
-3.204432070663357557e+00
-2.274462516102547571e+00
-1.349294363418710896e+00
-4.452519778522824878e-01
4.452519778522798233e-01
1.349294363418710896e+00
2.274462516102545795e+00
3.204432070663355780e+00
4.118804126363252216e+00
5.012357602929618849e+00
5.907538713274062658e+00
6.824376943026350339e+00
7.754894896635915913e+00
8.678265325958657073e+00
9.579833154832193998e+00
1.047053376093222887e+01
1.137714144064045563e+01
1.230388228602011935e+01
1.323303461980588480e+01
-1.323303461980588480e+01
-1.230388228602011935e+01
-1.137714144064045740e+01
-1.047053376093223065e+01
-9.579833154832193998e+00
-8.678265325958660625e+00
-7.754894896635917689e+00
-6.824376943026349451e+00
-5.907538713274065323e+00
-5.012357602929618849e+00
-4.118804126363251328e+00
-3.204432070663358001e+00
-2.274462516102548015e+00
-1.349294363418710674e+00
-4.452519778522825433e-01
4.452519778522797678e-01
1.349294363418710674e+00
2.274462516102545795e+00
3.204432070663355780e+00
4.118804126363252216e+00
5.012357602929617073e+00
5.907538713274062658e+00
6.824376943026348563e+00
7.754894896635915025e+00
8.678265325958658849e+00
9.579833154832195774e+00
1.047053376093222710e+01
1.137714144064045740e+01
1.230388228602011935e+01
1.323303461980588125e+01
-1.323303461980588480e+01
-1.230388228602012113e+01
-1.137714144064045740e+01
-1.047053376093222887e+01
-9.579833154832195774e+00
-8.678265325958658849e+00
-7.754894896635916801e+00
-6.824376943026351228e+00
-5.907538713274064435e+00
-5.012357602929619738e+00
-4.118804126363251328e+00
-3.204432070663357557e+00
-2.274462516102547571e+00
-1.349294363418710896e+00
-4.452519778522826543e-01
4.452519778522798788e-01
1.349294363418710896e+00
2.274462516102545351e+00
3.204432070663355780e+00
4.118804126363252216e+00
5.012357602929617961e+00
5.907538713274061770e+00
6.824376943026350339e+00
7.754894896635915913e+00
8.678265325958657073e+00
9.579833154832195774e+00
1.047053376093222710e+01
1.137714144064045740e+01
1.230388228602011935e+01
1.323303461980588303e+01
-1.323303461980588658e+01
-1.230388228602011935e+01
-1.137714144064045740e+01
-1.047053376093223065e+01
-9.579833154832195774e+00
-8.678265325958660625e+00
-7.754894896635917689e+00
-6.824376943026349451e+00
-5.907538713274065323e+00
-5.012357602929619738e+00
-4.118804126363252216e+00
-3.204432070663358445e+00
-2.274462516102547571e+00
-1.349294363418710896e+00
-4.452519778522825988e-01
4.452519778522798788e-01
1.349294363418710896e+00
2.274462516102545795e+00
3.204432070663355780e+00
4.118804126363252216e+00
5.012357602929618849e+00
5.907538713274061770e+00
6.824376943026349451e+00
7.754894896635915913e+00
8.678265325958658849e+00
9.579833154832195774e+00
1.047053376093222710e+01
1.137714144064045563e+01
1.230388228602011935e+01
1.323303461980588303e+01
-1.323303461980588480e+01
-1.230388228602011935e+01
-1.137714144064045563e+01
-1.047053376093222887e+01
-9.579833154832195774e+00
-8.678265325958658849e+00
-7.754894896635917689e+00
-6.824376943026350339e+00
-5.907538713274064435e+00
-5.012357602929620626e+00
-4.118804126363251328e+00
-3.204432070663357557e+00
-2.274462516102547571e+00
-1.349294363418710896e+00
-4.452519778522825988e-01
4.452519778522798788e-01
1.349294363418710896e+00
2.274462516102545351e+00
3.204432070663356225e+00
4.118804126363252216e+00
5.012357602929618849e+00
5.907538713274061770e+00
6.824376943026349451e+00
7.754894896635917689e+00
8.678265325958657073e+00
9.579833154832195774e+00
1.047053376093222710e+01
1.137714144064045385e+01
1.230388228602011935e+01
1.323303461980588125e+01
-1.323303461980588835e+01
-1.230388228602011935e+01
-1.137714144064045740e+01
-1.047053376093223065e+01
-9.579833154832193998e+00
-8.678265325958660625e+00
-7.754894896635917689e+00
-6.824376943026350339e+00
-5.907538713274064435e+00
-5.012357602929620626e+00
-4.118804126363252216e+00
-3.204432070663357557e+00
-2.274462516102547127e+00
-1.349294363418710674e+00
-4.452519778522825433e-01
4.452519778522797678e-01
1.349294363418710896e+00
2.274462516102545351e+00
3.204432070663355336e+00
4.118804126363253104e+00
5.012357602929618849e+00
5.907538713274062658e+00
6.824376943026349451e+00
7.754894896635915913e+00
8.678265325958657073e+00
9.579833154832195774e+00
1.047053376093222710e+01
1.137714144064045740e+01
1.230388228602011935e+01
1.323303461980588480e+01
-1.323303461980588658e+01
-1.230388228602011758e+01
-1.137714144064045740e+01
-1.047053376093222887e+01
-9.579833154832193998e+00
-8.678265325958660625e+00
-7.754894896635917689e+00
-6.824376943026350339e+00
-5.907538713274066211e+00
-5.012357602929620626e+00
-4.118804126363251328e+00
-3.204432070663357557e+00
-2.274462516102547571e+00
-1.349294363418710896e+00
-4.452519778522825433e-01
4.452519778522797678e-01
1.349294363418710896e+00
2.274462516102545351e+00
3.204432070663355780e+00
4.118804126363252216e+00
5.012357602929619738e+00
5.907538713274061770e+00
6.824376943026349451e+00
7.754894896635917689e+00
8.678265325958657073e+00
9.579833154832193998e+00
1.047053376093222710e+01
1.137714144064045563e+01
1.230388228602011935e+01
1.323303461980588303e+01
-1.323303461980588480e+01
-1.230388228602012113e+01
-1.137714144064045563e+01
-1.047053376093222710e+01
-9.579833154832193998e+00
-8.678265325958658849e+00
-7.754894896635917689e+00
-6.824376943026351228e+00
-5.907538713274066211e+00
-5.012357602929619738e+00
-4.118804126363252216e+00
-3.204432070663357557e+00
-2.274462516102547571e+00
-1.349294363418710674e+00
-4.452519778522825988e-01
4.452519778522798788e-01
1.349294363418710674e+00
2.274462516102545351e+00
3.204432070663355780e+00
4.118804126363253104e+00
5.012357602929617961e+00
5.907538713274061770e+00
6.824376943026351228e+00
7.754894896635914137e+00
8.678265325958657073e+00
9.579833154832195774e+00
1.047053376093222710e+01
1.137714144064045385e+01
1.230388228602012113e+01
1.323303461980588125e+01
-1.323303461980588303e+01
-1.230388228602011935e+01
-1.137714144064045918e+01
-1.047053376093223065e+01
-9.579833154832195774e+00
-8.678265325958660625e+00
-7.754894896635917689e+00
-6.824376943026350339e+00
-5.907538713274065323e+00
-5.012357602929619738e+00
-4.118804126363251328e+00
-3.204432070663358445e+00
-2.274462516102547571e+00
-1.349294363418710674e+00
-4.452519778522825433e-01
4.452519778522798788e-01
1.349294363418710674e+00
2.274462516102545351e+00
3.204432070663356669e+00
4.118804126363252216e+00
5.012357602929617073e+00
5.907538713274061770e+00
6.824376943026350339e+00
7.754894896635915913e+00
8.678265325958657073e+00
9.579833154832195774e+00
1.047053376093222710e+01
1.137714144064045740e+01
1.230388228602011935e+01
1.323303461980588125e+01
