2.110684324625269426e+01
2.110684324625269426e+01
2.110684324625269426e+01
2.110684324625269426e+01
2.110684324625269426e+01
2.110684324625267294e+01
2.110684324625269070e+01
2.110684324625269426e+01
2.110684324625269070e+01
2.110684324625270136e+01
2.110684324625269426e+01
2.110684324625268715e+01
2.110684324625269426e+01
2.110684324625268360e+01
2.110684324625269426e+01
2.110684324625269426e+01
2.110684324625269426e+01
2.110684324625269426e+01
2.110684324625269070e+01
2.110684324625268715e+01
2.110684324625269070e+01
2.110684324625269426e+01
2.110684324625269426e+01
2.110684324625270136e+01
2.110684324625268360e+01
2.110684324625268715e+01
2.110684324625269426e+01
2.110684324625269426e+01
2.110684324625269426e+01
2.110684324625269426e+01
2.110684324625268715e+01
2.110684324625268715e+01
2.110684324625270136e+01
2.110684324625269426e+01
2.110684324625269070e+01
2.110684324625269426e+01
2.110684324625268360e+01
2.110684324625269426e+01
2.110684324625268715e+01
2.110684324625269070e+01
2.110684324625269426e+01
2.110684324625269070e+01
2.110684324625269426e+01
2.110684324625269426e+01
2.110684324625267294e+01
2.110684324625269426e+01
2.110684324625269426e+01
2.110684324625269426e+01
2.110684324625268715e+01
2.110684324625269426e+01
2.024571579040835445e+01
2.024571579040834379e+01
2.024571579040834735e+01
2.024571579040835445e+01
2.024571579040835445e+01
2.024571579040836156e+01
2.024571579040836156e+01
2.024571579040835445e+01
2.024571579040834735e+01
2.024571579040835445e+01
2.024571579040835445e+01
2.024571579040836156e+01
2.024571579040835445e+01
2.024571579040836511e+01
2.024571579040834379e+01
2.024571579040836156e+01
2.024571579040835445e+01
2.024571579040835090e+01
2.024571579040834735e+01
2.024571579040835445e+01
2.024571579040833669e+01
2.024571579040834735e+01
2.024571579040835445e+01
2.024571579040834024e+01
2.024571579040835445e+01
2.024571579040835445e+01
2.024571579040834379e+01
2.024571579040835445e+01
2.024571579040834735e+01
2.024571579040834024e+01
2.024571579040835445e+01
2.024571579040834735e+01
2.024571579040835445e+01
2.024571579040835445e+01
2.024571579040835800e+01
2.024571579040835445e+01
2.024571579040836511e+01
2.024571579040835800e+01
2.024571579040835800e+01
2.024571579040835800e+01
2.024571579040835800e+01
2.024571579040835445e+01
2.024571579040835090e+01
2.024571579040836156e+01
2.024571579040836156e+01
2.024571579040835090e+01
2.024571579040835090e+01
2.024571579040834735e+01
2.024571579040834735e+01
2.024571579040835090e+01
1.938611947897463494e+01
1.938611947897462784e+01
1.938611947897463494e+01
1.938611947897463494e+01
1.938611947897462784e+01
1.938611947897462784e+01
1.938611947897463139e+01
1.938611947897463494e+01
1.938611947897463494e+01
1.938611947897463494e+01
1.938611947897462784e+01
1.938611947897462784e+01
1.938611947897463139e+01
1.938611947897463850e+01
1.938611947897462784e+01
1.938611947897463850e+01
1.938611947897463139e+01
1.938611947897462784e+01
1.938611947897463139e+01
1.938611947897463494e+01
1.938611947897462073e+01
1.938611947897462784e+01
1.938611947897463139e+01
1.938611947897463139e+01
1.938611947897463139e+01
1.938611947897462784e+01
1.938611947897463494e+01
1.938611947897463494e+01
1.938611947897463494e+01
1.938611947897462784e+01
1.938611947897463494e+01
1.938611947897463494e+01
1.938611947897463139e+01
1.938611947897463494e+01
1.938611947897464205e+01
1.938611947897463139e+01
1.938611947897463494e+01
1.938611947897463850e+01
1.938611947897462784e+01
1.938611947897463139e+01
1.938611947897464205e+01
1.938611947897463850e+01
1.938611947897463494e+01
1.938611947897463139e+01
1.938611947897462784e+01
1.938611947897462784e+01
1.938611947897463850e+01
1.938611947897463494e+01
1.938611947897462784e+01
1.938611947897462073e+01
1.852126181832561258e+01
1.852126181832561258e+01
1.852126181832561258e+01
1.852126181832560903e+01
1.852126181832560903e+01
1.852126181832561969e+01
1.852126181832560547e+01
1.852126181832561969e+01
1.852126181832561613e+01
1.852126181832561969e+01
1.852126181832561258e+01
1.852126181832561969e+01
1.852126181832560547e+01
1.852126181832561258e+01
1.852126181832560547e+01
1.852126181832562679e+01
1.852126181832560903e+01
1.852126181832560903e+01
1.852126181832561258e+01
1.852126181832561258e+01
1.852126181832561613e+01
1.852126181832561258e+01
1.852126181832561258e+01
1.852126181832561258e+01
1.852126181832561258e+01
1.852126181832561258e+01
1.852126181832561258e+01
1.852126181832561258e+01
1.852126181832561258e+01
1.852126181832561969e+01
1.852126181832560903e+01
1.852126181832561258e+01
1.852126181832560547e+01
1.852126181832560903e+01
1.852126181832561969e+01
1.852126181832560192e+01
1.852126181832560192e+01
1.852126181832560903e+01
1.852126181832561969e+01
1.852126181832561258e+01
1.852126181832561613e+01
1.852126181832561613e+01
1.852126181832561258e+01
1.852126181832560192e+01
1.852126181832561258e+01
1.852126181832560547e+01
1.852126181832560547e+01
1.852126181832560903e+01
1.852126181832560547e+01
1.852126181832561258e+01
1.766275200287371661e+01
1.766275200287373082e+01
1.766275200287372371e+01
1.766275200287372371e+01
1.766275200287371661e+01
1.766275200287371661e+01
1.766275200287372016e+01
1.766275200287372371e+01
1.766275200287372371e+01
1.766275200287370950e+01
1.766275200287372371e+01
1.766275200287372016e+01
1.766275200287371661e+01
1.766275200287372371e+01
1.766275200287372371e+01
1.766275200287371661e+01
1.766275200287371661e+01
1.766275200287372371e+01
1.766275200287372371e+01
1.766275200287371661e+01
1.766275200287373082e+01
1.766275200287371661e+01
1.766275200287372371e+01
1.766275200287372371e+01
1.766275200287372371e+01
1.766275200287372016e+01
1.766275200287372371e+01
1.766275200287372371e+01
1.766275200287371661e+01
1.766275200287372371e+01
1.766275200287372371e+01
1.766275200287372371e+01
1.766275200287372371e+01
1.766275200287372016e+01
1.766275200287370950e+01
1.766275200287372726e+01
1.766275200287372371e+01
1.766275200287372016e+01
1.766275200287372016e+01
1.766275200287372371e+01
1.766275200287371305e+01
1.766275200287372016e+01
1.766275200287371661e+01
1.766275200287372371e+01
1.766275200287371305e+01
1.766275200287371661e+01
1.766275200287372371e+01
1.766275200287371661e+01
1.766275200287373082e+01
1.766275200287372371e+01
1.679999999999998650e+01
1.680000000000000071e+01
1.679999999999999361e+01
1.680000000000000426e+01
1.679999999999999361e+01
1.680000000000000071e+01
1.679999999999999361e+01
1.679999999999999361e+01
1.679999999999999716e+01
1.679999999999999716e+01
1.679999999999999005e+01
1.679999999999999716e+01
1.680000000000000426e+01
1.680000000000000426e+01
1.680000000000000426e+01
1.680000000000000071e+01
1.680000000000000426e+01
1.679999999999999716e+01
1.679999999999999361e+01
1.679999999999999361e+01
1.679999999999999716e+01
1.679999999999999716e+01
1.680000000000000071e+01
1.679999999999999361e+01
1.679999999999999716e+01
1.679999999999999716e+01
1.679999999999999716e+01
1.680000000000000782e+01
1.679999999999999716e+01
1.679999999999999716e+01
1.679999999999999361e+01
1.679999999999999361e+01
1.680000000000000071e+01
1.680000000000000071e+01
1.680000000000000426e+01
1.680000000000000426e+01
1.680000000000000071e+01
1.680000000000000426e+01
1.679999999999999716e+01
1.679999999999999361e+01
1.679999999999999716e+01
1.680000000000000071e+01
1.679999999999998650e+01
1.679999999999999005e+01
1.679999999999999716e+01
1.679999999999999005e+01
1.679999999999999716e+01
1.679999999999999005e+01
1.679999999999999716e+01
1.679999999999998650e+01
1.593724799712627238e+01
1.593724799712627238e+01
1.593724799712627238e+01
1.593724799712626883e+01
1.593724799712626705e+01
1.593724799712626883e+01
1.593724799712627416e+01
1.593724799712627238e+01
1.593724799712627238e+01
1.593724799712626705e+01
1.593724799712626528e+01
1.593724799712627771e+01
1.593724799712627060e+01
1.593724799712626883e+01
1.593724799712627416e+01
1.593724799712627238e+01
1.593724799712626705e+01
1.593724799712626883e+01
1.593724799712627238e+01
1.593724799712626883e+01
1.593724799712626883e+01
1.593724799712626883e+01
1.593724799712627416e+01
1.593724799712626705e+01
1.593724799712626883e+01
1.593724799712627238e+01
1.593724799712627238e+01
1.593724799712627238e+01
1.593724799712627060e+01
1.593724799712627060e+01
1.593724799712626705e+01
1.593724799712626883e+01
1.593724799712626528e+01
1.593724799712627238e+01
1.593724799712627771e+01
1.593724799712627060e+01
1.593724799712626705e+01
1.593724799712627771e+01
1.593724799712627593e+01
1.593724799712626705e+01
1.593724799712627060e+01
1.593724799712627416e+01
1.593724799712626883e+01
1.593724799712627416e+01
1.593724799712626528e+01
1.593724799712626883e+01
1.593724799712627416e+01
1.593724799712626883e+01
1.593724799712627593e+01
1.593724799712626883e+01
1.507873818167438529e+01
1.507873818167438884e+01
1.507873818167438529e+01
1.507873818167438706e+01
1.507873818167438529e+01
1.507873818167438529e+01
1.507873818167438174e+01
1.507873818167438529e+01
1.507873818167438706e+01
1.507873818167438174e+01
1.507873818167438174e+01
1.507873818167438706e+01
1.507873818167438706e+01
1.507873818167437818e+01
1.507873818167438529e+01
1.507873818167438529e+01
1.507873818167438706e+01
1.507873818167438529e+01
1.507873818167438529e+01
1.507873818167438351e+01
1.507873818167438706e+01
1.507873818167438529e+01
1.507873818167438884e+01
1.507873818167437996e+01
1.507873818167438706e+01
1.507873818167438706e+01
1.507873818167437641e+01
1.507873818167438351e+01
1.507873818167438706e+01
1.507873818167438706e+01
1.507873818167438529e+01
1.507873818167438174e+01
1.507873818167438884e+01
1.507873818167438706e+01
1.507873818167438884e+01
1.507873818167438174e+01
1.507873818167438351e+01
1.507873818167438351e+01
1.507873818167438706e+01
1.507873818167438706e+01
1.507873818167438351e+01
1.507873818167439062e+01
1.507873818167438529e+01
1.507873818167438174e+01
1.507873818167438529e+01
1.507873818167438884e+01
1.507873818167439062e+01
1.507873818167439062e+01
1.507873818167438706e+01
1.507873818167438351e+01
1.421388052102536825e+01
1.421388052102536292e+01
1.421388052102536115e+01
1.421388052102536470e+01
1.421388052102536292e+01
1.421388052102536115e+01
1.421388052102536648e+01
1.421388052102537003e+01
1.421388052102536292e+01
1.421388052102536470e+01
1.421388052102536648e+01
1.421388052102536292e+01
1.421388052102536292e+01
1.421388052102537003e+01
1.421388052102536292e+01
1.421388052102536470e+01
1.421388052102537003e+01
1.421388052102536292e+01
1.421388052102537358e+01
1.421388052102536115e+01
1.421388052102536825e+01
1.421388052102536292e+01
1.421388052102536292e+01
1.421388052102536115e+01
1.421388052102536470e+01
1.421388052102536648e+01
1.421388052102535760e+01
1.421388052102535937e+01
1.421388052102536292e+01
1.421388052102536470e+01
1.421388052102536292e+01
1.421388052102537536e+01
1.421388052102536648e+01
1.421388052102536648e+01
1.421388052102537003e+01
1.421388052102535937e+01
1.421388052102537003e+01
1.421388052102535760e+01
1.421388052102536292e+01
1.421388052102536470e+01
1.421388052102536648e+01
1.421388052102536115e+01
1.421388052102537358e+01
1.421388052102537003e+01
1.421388052102535937e+01
1.421388052102536648e+01
1.421388052102537003e+01
1.421388052102536292e+01
1.421388052102536648e+01
1.421388052102537003e+01
1.335428420959164342e+01
1.335428420959162921e+01
1.335428420959163098e+01
1.335428420959163986e+01
1.335428420959163631e+01
1.335428420959163631e+01
1.335428420959163631e+01
1.335428420959163986e+01
1.335428420959163986e+01
1.335428420959163454e+01
1.335428420959163631e+01
1.335428420959163986e+01
1.335428420959163631e+01
1.335428420959163631e+01
1.335428420959163631e+01
1.335428420959163276e+01
1.335428420959163986e+01
1.335428420959163986e+01
1.335428420959163631e+01
1.335428420959163631e+01
1.335428420959163631e+01
1.335428420959163631e+01
1.335428420959163631e+01
1.335428420959163986e+01
1.335428420959163986e+01
1.335428420959164697e+01
1.335428420959163631e+01
1.335428420959163454e+01
1.335428420959163276e+01
1.335428420959163986e+01
1.335428420959163631e+01
1.335428420959163631e+01
1.335428420959163986e+01
1.335428420959163986e+01
1.335428420959163631e+01
1.335428420959163986e+01
1.335428420959163986e+01
1.335428420959163986e+01
1.335428420959163098e+01
1.335428420959163986e+01
1.335428420959163631e+01
1.335428420959163986e+01
1.335428420959163631e+01
1.335428420959163631e+01
1.335428420959163454e+01
1.335428420959163986e+01
1.335428420959163986e+01
1.335428420959163631e+01
1.335428420959163276e+01
1.335428420959163986e+01
1.249315675374731249e+01
1.249315675374730716e+01
1.249315675374730894e+01
1.249315675374730716e+01
1.249315675374730716e+01
1.249315675374730539e+01
1.249315675374730539e+01
1.249315675374730716e+01
1.249315675374730894e+01
1.249315675374730894e+01
1.249315675374731072e+01
1.249315675374730361e+01
1.249315675374731072e+01
1.249315675374730716e+01
1.249315675374730894e+01
1.249315675374730894e+01
1.249315675374730539e+01
1.249315675374730361e+01
1.249315675374730716e+01
1.249315675374730894e+01
1.249315675374730361e+01
1.249315675374730006e+01
1.249315675374731072e+01
1.249315675374730361e+01
1.249315675374730716e+01
1.249315675374730716e+01
1.249315675374730361e+01
1.249315675374731072e+01
1.249315675374730361e+01
1.249315675374730361e+01
1.249315675374730716e+01
1.249315675374731072e+01
1.249315675374730361e+01
1.249315675374730361e+01
1.249315675374730894e+01
1.249315675374731072e+01
1.249315675374730716e+01
1.249315675374730894e+01
1.249315675374730716e+01
1.249315675374731072e+01
1.249315675374731072e+01
1.249315675374730716e+01
1.249315675374730361e+01
1.249315675374730716e+01
1.249315675374730716e+01
1.249315675374730894e+01
1.249315675374730361e+01
1.249315675374731072e+01
1.249315675374730716e+01
1.249315675374731427e+01
1.162905879344413052e+01
1.162905879344413052e+01
1.162905879344412696e+01
1.162905879344413229e+01
1.162905879344412696e+01
1.162905879344412696e+01
1.162905879344412696e+01
1.162905879344413052e+01
1.162905879344412696e+01
1.162905879344413052e+01
1.162905879344412696e+01
1.162905879344413052e+01
1.162905879344413407e+01
1.162905879344413052e+01
1.162905879344412874e+01
1.162905879344412874e+01
1.162905879344412696e+01
1.162905879344412874e+01
1.162905879344413052e+01
1.162905879344413052e+01
1.162905879344413052e+01
1.162905879344412696e+01
1.162905879344413052e+01
1.162905879344413407e+01
1.162905879344412874e+01
1.162905879344413407e+01
1.162905879344413584e+01
1.162905879344412696e+01
1.162905879344412696e+01
1.162905879344413052e+01
1.162905879344412874e+01
1.162905879344412874e+01
1.162905879344412696e+01
1.162905879344412696e+01
1.162905879344412696e+01
1.162905879344412696e+01
1.162905879344412696e+01
1.162905879344413407e+01
1.162905879344412874e+01
1.162905879344413229e+01
1.162905879344412696e+01
1.162905879344413052e+01
1.162905879344413052e+01
1.162905879344412696e+01
1.162905879344412696e+01
1.162905879344412696e+01
1.162905879344413052e+01
1.162905879344412696e+01
1.162905879344413052e+01
1.162905879344412874e+01
1.077094120655587162e+01
1.077094120655587517e+01
1.077094120655586806e+01
1.077094120655586984e+01
1.077094120655587162e+01
1.077094120655586984e+01
1.077094120655587517e+01
1.077094120655587162e+01
1.077094120655586806e+01
1.077094120655586806e+01
1.077094120655587162e+01
1.077094120655587517e+01
1.077094120655587517e+01
1.077094120655586984e+01
1.077094120655587162e+01
1.077094120655587162e+01
1.077094120655586984e+01
1.077094120655587339e+01
1.077094120655586806e+01
1.077094120655587162e+01
1.077094120655586806e+01
1.077094120655587162e+01
1.077094120655586806e+01
1.077094120655587339e+01
1.077094120655586984e+01
1.077094120655587162e+01
1.077094120655587517e+01
1.077094120655586984e+01
1.077094120655587517e+01
1.077094120655586806e+01
1.077094120655587162e+01
1.077094120655586806e+01
1.077094120655587162e+01
1.077094120655587162e+01
1.077094120655587162e+01
1.077094120655587162e+01
1.077094120655587339e+01
1.077094120655587872e+01
1.077094120655586984e+01
1.077094120655587162e+01
1.077094120655586806e+01
1.077094120655586806e+01
1.077094120655586984e+01
1.077094120655586806e+01
1.077094120655586806e+01
1.077094120655586806e+01
1.077094120655586806e+01
1.077094120655587162e+01
1.077094120655587339e+01
1.077094120655587517e+01
9.906843246252687862e+00
9.906843246252694968e+00
9.906843246252694968e+00
9.906843246252689639e+00
9.906843246252689639e+00
9.906843246252694968e+00
9.906843246252691415e+00
9.906843246252691415e+00
9.906843246252694968e+00
9.906843246252691415e+00
9.906843246252694968e+00
9.906843246252691415e+00
9.906843246252691415e+00
9.906843246252694968e+00
9.906843246252689639e+00
9.906843246252689639e+00
9.906843246252691415e+00
9.906843246252691415e+00
9.906843246252691415e+00
9.906843246252687862e+00
9.906843246252694968e+00
9.906843246252689639e+00
9.906843246252691415e+00
9.906843246252691415e+00
9.906843246252689639e+00
9.906843246252691415e+00
9.906843246252691415e+00
9.906843246252691415e+00
9.906843246252691415e+00
9.906843246252694968e+00
9.906843246252691415e+00
9.906843246252691415e+00
9.906843246252689639e+00
9.906843246252691415e+00
9.906843246252691415e+00
9.906843246252691415e+00
9.906843246252691415e+00
9.906843246252691415e+00
9.906843246252689639e+00
9.906843246252694968e+00
9.906843246252691415e+00
9.906843246252691415e+00
9.906843246252689639e+00
9.906843246252691415e+00
9.906843246252694968e+00
9.906843246252687862e+00
9.906843246252686086e+00
9.906843246252691415e+00
9.906843246252694968e+00
9.906843246252686086e+00
9.045715790408355161e+00
9.045715790408353385e+00
9.045715790408355161e+00
9.045715790408351609e+00
9.045715790408358714e+00
9.045715790408358714e+00
9.045715790408355161e+00
9.045715790408355161e+00
9.045715790408355161e+00
9.045715790408358714e+00
9.045715790408355161e+00
9.045715790408355161e+00
9.045715790408355161e+00
9.045715790408355161e+00
9.045715790408353385e+00
9.045715790408358714e+00
9.045715790408355161e+00
9.045715790408355161e+00
9.045715790408358714e+00
9.045715790408355161e+00
9.045715790408351609e+00
9.045715790408355161e+00
9.045715790408355161e+00
9.045715790408353385e+00
9.045715790408355161e+00
9.045715790408355161e+00
9.045715790408351609e+00
9.045715790408358714e+00
9.045715790408355161e+00
9.045715790408355161e+00
9.045715790408355161e+00
9.045715790408358714e+00
9.045715790408355161e+00
9.045715790408353385e+00
9.045715790408355161e+00
9.045715790408355161e+00
9.045715790408355161e+00
9.045715790408355161e+00
9.045715790408355161e+00
9.045715790408355161e+00
9.045715790408358714e+00
9.045715790408355161e+00
9.045715790408355161e+00
9.045715790408351609e+00
9.045715790408355161e+00
9.045715790408360490e+00
9.045715790408348056e+00
9.045715790408355161e+00
9.045715790408355161e+00
9.045715790408355161e+00
8.186119478974628549e+00
8.186119478974632102e+00
8.186119478974632102e+00
8.186119478974635655e+00
8.186119478974630326e+00
8.186119478974632102e+00
8.186119478974632102e+00
8.186119478974637431e+00
8.186119478974630326e+00
8.186119478974628549e+00
8.186119478974633878e+00
8.186119478974632102e+00
8.186119478974632102e+00
8.186119478974632102e+00
8.186119478974632102e+00
8.186119478974630326e+00
8.186119478974632102e+00
8.186119478974630326e+00
8.186119478974624997e+00
8.186119478974632102e+00
8.186119478974630326e+00
8.186119478974632102e+00
8.186119478974628549e+00
8.186119478974628549e+00
8.186119478974632102e+00
8.186119478974632102e+00
8.186119478974628549e+00
8.186119478974628549e+00
8.186119478974632102e+00
8.186119478974632102e+00
8.186119478974632102e+00
8.186119478974626773e+00
8.186119478974632102e+00
8.186119478974632102e+00
8.186119478974628549e+00
8.186119478974633878e+00
8.186119478974635655e+00
8.186119478974632102e+00
8.186119478974630326e+00
8.186119478974632102e+00
8.186119478974628549e+00
8.186119478974630326e+00
8.186119478974635655e+00
8.186119478974632102e+00
8.186119478974635655e+00
8.186119478974632102e+00
8.186119478974635655e+00
8.186119478974632102e+00
8.186119478974632102e+00
8.186119478974626773e+00
7.321261818325611515e+00
7.321261818325607074e+00
7.321261818325609738e+00
7.321261818325607962e+00
7.321261818325607962e+00
7.321261818325613291e+00
7.321261818325611515e+00
7.321261818325612403e+00
7.321261818325613291e+00
7.321261818325609738e+00
7.321261818325608850e+00
7.321261818325610626e+00
7.321261818325609738e+00
7.321261818325609738e+00
7.321261818325609738e+00
7.321261818325606185e+00
7.321261818325607962e+00
7.321261818325611515e+00
7.321261818325605297e+00
7.321261818325610626e+00
7.321261818325609738e+00
7.321261818325608850e+00
7.321261818325609738e+00
7.321261818325611515e+00
7.321261818325613291e+00
7.321261818325609738e+00
7.321261818325609738e+00
7.321261818325607962e+00
7.321261818325609738e+00
7.321261818325611515e+00
7.321261818325608850e+00
7.321261818325607074e+00
7.321261818325611515e+00
7.321261818325609738e+00
7.321261818325607962e+00
7.321261818325611515e+00
7.321261818325609738e+00
7.321261818325611515e+00
7.321261818325610626e+00
7.321261818325606185e+00
7.321261818325611515e+00
7.321261818325609738e+00
7.321261818325610626e+00
7.321261818325608850e+00
7.321261818325612403e+00
7.321261818325607962e+00
7.321261818325607962e+00
7.321261818325607962e+00
7.321261818325606185e+00
7.321261818325610626e+00
6.462752002873724422e+00
6.462752002873724422e+00
6.462752002873722645e+00
6.462752002873720869e+00
6.462752002873726198e+00
6.462752002873726198e+00
6.462752002873720869e+00
6.462752002873722645e+00
6.462752002873721757e+00
6.462752002873721757e+00
6.462752002873722645e+00
6.462752002873722645e+00
6.462752002873724422e+00
6.462752002873722645e+00
6.462752002873724422e+00
6.462752002873726198e+00
6.462752002873726198e+00
6.462752002873724422e+00
6.462752002873724422e+00
6.462752002873726198e+00
6.462752002873722645e+00
6.462752002873722645e+00
6.462752002873726198e+00
6.462752002873722645e+00
6.462752002873727086e+00
6.462752002873726198e+00
6.462752002873724422e+00
6.462752002873724422e+00
6.462752002873724422e+00
6.462752002873723534e+00
6.462752002873724422e+00
6.462752002873724422e+00
6.462752002873724422e+00
6.462752002873726198e+00
6.462752002873726198e+00
6.462752002873720869e+00
6.462752002873722645e+00
6.462752002873723534e+00
6.462752002873724422e+00
6.462752002873722645e+00
6.462752002873723534e+00
6.462752002873720869e+00
6.462752002873722645e+00
6.462752002873720869e+00
6.462752002873727086e+00
6.462752002873724422e+00
6.462752002873720869e+00
6.462752002873722645e+00
6.462752002873726198e+00
6.462752002873724422e+00
5.599999999999999645e+00
5.599999999999996092e+00
5.599999999999997868e+00
5.599999999999996092e+00
5.599999999999995204e+00
5.599999999999996092e+00
5.599999999999999645e+00
5.599999999999997868e+00
5.599999999999999645e+00
5.599999999999996092e+00
5.599999999999999645e+00
5.599999999999997868e+00
5.599999999999996092e+00
5.599999999999996092e+00
5.599999999999997868e+00
5.599999999999997868e+00
5.599999999999997868e+00
5.599999999999999645e+00
5.599999999999999645e+00
5.600000000000000533e+00
5.599999999999999645e+00
5.599999999999996980e+00
5.599999999999997868e+00
5.599999999999996092e+00
5.599999999999999645e+00
5.599999999999997868e+00
5.599999999999997868e+00
5.599999999999997868e+00
5.599999999999997868e+00
5.599999999999997868e+00
5.599999999999999645e+00
5.599999999999999645e+00
5.599999999999999645e+00
5.599999999999999645e+00
5.599999999999999645e+00
5.599999999999997868e+00
5.599999999999997868e+00
5.599999999999996980e+00
5.599999999999997868e+00
5.599999999999997868e+00
5.599999999999996980e+00
5.599999999999999645e+00
5.599999999999996980e+00
5.599999999999999645e+00
5.599999999999996980e+00
5.599999999999996980e+00
5.599999999999996092e+00
5.599999999999996092e+00
5.599999999999997868e+00
5.599999999999999645e+00
4.737247997126271315e+00
4.737247997126273091e+00
4.737247997126273091e+00
4.737247997126271315e+00
4.737247997126273091e+00
4.737247997126271315e+00
4.737247997126271315e+00
4.737247997126271315e+00
4.737247997126271315e+00
4.737247997126271315e+00
4.737247997126273091e+00
4.737247997126269539e+00
4.737247997126271315e+00
4.737247997126269539e+00
4.737247997126273091e+00
4.737247997126273091e+00
4.737247997126273980e+00
4.737247997126273091e+00
4.737247997126271315e+00
4.737247997126271315e+00
4.737247997126273091e+00
4.737247997126273091e+00
4.737247997126273980e+00
4.737247997126271315e+00
4.737247997126271315e+00
4.737247997126271315e+00
4.737247997126270427e+00
4.737247997126273091e+00
4.737247997126274868e+00
4.737247997126273091e+00
4.737247997126271315e+00
4.737247997126273091e+00
4.737247997126273091e+00
4.737247997126273091e+00
4.737247997126273091e+00
4.737247997126271315e+00
4.737247997126269539e+00
4.737247997126271315e+00
4.737247997126271315e+00
4.737247997126273091e+00
4.737247997126271315e+00
4.737247997126271315e+00
4.737247997126270427e+00
4.737247997126271315e+00
4.737247997126271315e+00
4.737247997126273091e+00
4.737247997126274868e+00
4.737247997126271315e+00
4.737247997126273091e+00
4.737247997126271315e+00
3.878738181674385554e+00
3.878738181674382002e+00
3.878738181674382890e+00
3.878738181674384666e+00
3.878738181674384666e+00
3.878738181674385110e+00
3.878738181674385554e+00
3.878738181674382446e+00
3.878738181674385110e+00
3.878738181674385554e+00
3.878738181674385554e+00
3.878738181674384666e+00
3.878738181674384222e+00
3.878738181674385999e+00
3.878738181674384222e+00
3.878738181674382890e+00
3.878738181674383778e+00
3.878738181674384666e+00
3.878738181674384666e+00
3.878738181674385999e+00
3.878738181674382446e+00
3.878738181674385554e+00
3.878738181674385554e+00
3.878738181674385110e+00
3.878738181674383334e+00
3.878738181674383334e+00
3.878738181674383778e+00
3.878738181674385554e+00
3.878738181674384666e+00
3.878738181674382446e+00
3.878738181674384222e+00
3.878738181674384222e+00
3.878738181674385110e+00
3.878738181674383334e+00
3.878738181674382890e+00
3.878738181674384666e+00
3.878738181674385554e+00
3.878738181674383778e+00
3.878738181674385554e+00
3.878738181674385110e+00
3.878738181674385110e+00
3.878738181674384666e+00
3.878738181674383334e+00
3.878738181674385999e+00
3.878738181674385110e+00
3.878738181674385110e+00
3.878738181674385110e+00
3.878738181674383334e+00
3.878738181674382890e+00
3.878738181674384666e+00
3.013880521025368964e+00
3.013880521025366299e+00
3.013880521025365411e+00
3.013880521025368076e+00
3.013880521025368520e+00
3.013880521025367187e+00
3.013880521025366299e+00
3.013880521025367187e+00
3.013880521025367187e+00
3.013880521025367187e+00
3.013880521025366299e+00
3.013880521025367187e+00
3.013880521025367187e+00
3.013880521025367631e+00
3.013880521025367187e+00
3.013880521025368076e+00
3.013880521025366299e+00
3.013880521025365411e+00
3.013880521025365411e+00
3.013880521025367187e+00
3.013880521025366299e+00
3.013880521025367187e+00
3.013880521025368076e+00
3.013880521025366299e+00
3.013880521025366299e+00
3.013880521025365411e+00
3.013880521025367631e+00
3.013880521025368520e+00
3.013880521025367187e+00
3.013880521025367187e+00
3.013880521025367187e+00
3.013880521025365411e+00
3.013880521025365411e+00
3.013880521025366299e+00
3.013880521025368076e+00
3.013880521025367187e+00
3.013880521025366299e+00
3.013880521025366299e+00
3.013880521025367187e+00
3.013880521025366299e+00
3.013880521025367187e+00
3.013880521025366299e+00
3.013880521025367187e+00
3.013880521025367187e+00
3.013880521025367187e+00
3.013880521025368076e+00
3.013880521025367187e+00
3.013880521025364523e+00
3.013880521025367187e+00
3.013880521025367631e+00
2.154284209591639687e+00
2.154284209591640575e+00
2.154284209591641908e+00
2.154284209591640575e+00
2.154284209591641464e+00
2.154284209591643240e+00
2.154284209591642352e+00
2.154284209591642352e+00
2.154284209591642352e+00
2.154284209591641464e+00
2.154284209591642352e+00
2.154284209591641464e+00
2.154284209591641019e+00
2.154284209591642352e+00
2.154284209591641464e+00
2.154284209591640575e+00
2.154284209591641464e+00
2.154284209591642352e+00
2.154284209591641019e+00
2.154284209591642352e+00
2.154284209591641464e+00
2.154284209591642352e+00
2.154284209591641019e+00
2.154284209591641464e+00
2.154284209591642352e+00
2.154284209591641908e+00
2.154284209591641464e+00
2.154284209591640575e+00
2.154284209591642352e+00
2.154284209591641464e+00
2.154284209591641908e+00
2.154284209591641019e+00
2.154284209591641464e+00
2.154284209591641908e+00
2.154284209591640575e+00
2.154284209591641019e+00
2.154284209591641464e+00
2.154284209591640575e+00
2.154284209591641464e+00
2.154284209591642352e+00
2.154284209591641908e+00
2.154284209591642352e+00
2.154284209591643240e+00
2.154284209591641908e+00
2.154284209591642796e+00
2.154284209591642352e+00
2.154284209591641019e+00
2.154284209591641908e+00
2.154284209591640575e+00
2.154284209591641019e+00
1.293156753747307874e+00
1.293156753747307874e+00
1.293156753747307874e+00
1.293156753747308318e+00
1.293156753747308318e+00
1.293156753747307874e+00
1.293156753747307874e+00
1.293156753747308318e+00
1.293156753747308318e+00
1.293156753747308541e+00
1.293156753747308763e+00
1.293156753747308763e+00
1.293156753747307874e+00
1.293156753747307874e+00
1.293156753747307874e+00
1.293156753747308318e+00
1.293156753747307874e+00
1.293156753747308318e+00
1.293156753747307874e+00
1.293156753747308318e+00
1.293156753747308318e+00
1.293156753747307430e+00
1.293156753747307874e+00
1.293156753747308318e+00
1.293156753747306986e+00
1.293156753747307430e+00
1.293156753747308318e+00
1.293156753747307652e+00
1.293156753747307874e+00
1.293156753747308318e+00
1.293156753747307874e+00
1.293156753747307874e+00
1.293156753747307874e+00
1.293156753747308318e+00
1.293156753747308541e+00
1.293156753747307874e+00
1.293156753747307874e+00
1.293156753747307430e+00
1.293156753747308318e+00
1.293156753747308318e+00
1.293156753747308318e+00
1.293156753747308318e+00
1.293156753747308318e+00
1.293156753747308318e+00
1.293156753747308318e+00
1.293156753747307874e+00
1.293156753747307874e+00
1.293156753747307874e+00
1.293156753747307874e+00
1.293156753747307430e+00
4.290587934441282836e-01
4.290587934441281170e-01
4.290587934441277840e-01
4.290587934441276174e-01
4.290587934441277285e-01
4.290587934441278950e-01
4.290587934441281170e-01
4.290587934441283946e-01
4.290587934441287277e-01
4.290587934441287832e-01
4.290587934441285611e-01
4.290587934441286722e-01
4.290587934441286722e-01
4.290587934441283946e-01
4.290587934441282836e-01
4.290587934441284501e-01
4.290587934441283391e-01
4.290587934441283391e-01
4.290587934441285056e-01
4.290587934441281726e-01
4.290587934441281726e-01
4.290587934441280060e-01
4.290587934441282281e-01
4.290587934441281170e-01
4.290587934441280060e-01
4.290587934441280060e-01
4.290587934441281170e-01
4.290587934441281726e-01
4.290587934441280615e-01
4.290587934441281726e-01
4.290587934441281726e-01
4.290587934441284501e-01
4.290587934441284501e-01
4.290587934441283946e-01
4.290587934441284501e-01
4.290587934441281170e-01
4.290587934441281170e-01
4.290587934441283391e-01
4.290587934441286722e-01
4.290587934441284501e-01
4.290587934441287277e-01
4.290587934441287832e-01
4.290587934441283946e-01
4.290587934441281170e-01
4.290587934441279505e-01
4.290587934441277840e-01
4.290587934441275619e-01
4.290587934441278950e-01
4.290587934441282281e-01
4.290587934441281726e-01
-4.290587934441319473e-01
-4.290587934441321138e-01
-4.290587934441319473e-01
-4.290587934441321694e-01
-4.290587934441323359e-01
-4.290587934441321138e-01
-4.290587934441320583e-01
-4.290587934441320583e-01
-4.290587934441318918e-01
-4.290587934441320028e-01
-4.290587934441316698e-01
-4.290587934441317808e-01
-4.290587934441319473e-01
-4.290587934441318918e-01
-4.290587934441318918e-01
-4.290587934441317808e-01
-4.290587934441320028e-01
-4.290587934441320028e-01
-4.290587934441320028e-01
-4.290587934441319473e-01
-4.290587934441320028e-01
-4.290587934441318363e-01
-4.290587934441318918e-01
-4.290587934441318918e-01
-4.290587934441318918e-01
-4.290587934441318918e-01
-4.290587934441318918e-01
-4.290587934441318918e-01
-4.290587934441317808e-01
-4.290587934441321138e-01
-4.290587934441318918e-01
-4.290587934441318918e-01
-4.290587934441320028e-01
-4.290587934441319473e-01
-4.290587934441318363e-01
-4.290587934441317808e-01
-4.290587934441318918e-01
-4.290587934441317808e-01
-4.290587934441316698e-01
-4.290587934441315032e-01
-4.290587934441317808e-01
-4.290587934441316142e-01
-4.290587934441317253e-01
-4.290587934441317808e-01
-4.290587934441320028e-01
-4.290587934441323359e-01
-4.290587934441321694e-01
-4.290587934441318918e-01
-4.290587934441318918e-01
-4.290587934441317808e-01
-1.293156753747311427e+00
-1.293156753747311871e+00
-1.293156753747311427e+00
-1.293156753747310983e+00
-1.293156753747311427e+00
-1.293156753747311427e+00
-1.293156753747312315e+00
-1.293156753747311871e+00
-1.293156753747312759e+00
-1.293156753747312315e+00
-1.293156753747311871e+00
-1.293156753747312981e+00
-1.293156753747312315e+00
-1.293156753747311871e+00
-1.293156753747312093e+00
-1.293156753747311427e+00
-1.293156753747311649e+00
-1.293156753747311427e+00
-1.293156753747311427e+00
-1.293156753747311871e+00
-1.293156753747311871e+00
-1.293156753747312315e+00
-1.293156753747311427e+00
-1.293156753747312315e+00
-1.293156753747311649e+00
-1.293156753747311427e+00
-1.293156753747312093e+00
-1.293156753747311427e+00
-1.293156753747312093e+00
-1.293156753747311871e+00
-1.293156753747311871e+00
-1.293156753747310983e+00
-1.293156753747311427e+00
-1.293156753747311649e+00
-1.293156753747310983e+00
-1.293156753747312093e+00
-1.293156753747311871e+00
-1.293156753747311871e+00
-1.293156753747312759e+00
-1.293156753747311427e+00
-1.293156753747312093e+00
-1.293156753747311871e+00
-1.293156753747310983e+00
-1.293156753747311871e+00
-1.293156753747311427e+00
-1.293156753747311427e+00
-1.293156753747310983e+00
-1.293156753747311427e+00
-1.293156753747311427e+00
-1.293156753747311427e+00
-2.154284209591641019e+00
-2.154284209591640575e+00
-2.154284209591640575e+00
-2.154284209591640575e+00
-2.154284209591640575e+00
-2.154284209591641464e+00
-2.154284209591640575e+00
-2.154284209591642352e+00
-2.154284209591642352e+00
-2.154284209591641464e+00
-2.154284209591643240e+00
-2.154284209591641908e+00
-2.154284209591641908e+00
-2.154284209591641464e+00
-2.154284209591641464e+00
-2.154284209591641464e+00
-2.154284209591641464e+00
-2.154284209591640575e+00
-2.154284209591641464e+00
-2.154284209591640575e+00
-2.154284209591641464e+00
-2.154284209591641464e+00
-2.154284209591641019e+00
-2.154284209591640575e+00
-2.154284209591641464e+00
-2.154284209591641464e+00
-2.154284209591641019e+00
-2.154284209591641464e+00
-2.154284209591641908e+00
-2.154284209591641908e+00
-2.154284209591641019e+00
-2.154284209591641464e+00
-2.154284209591641019e+00
-2.154284209591641464e+00
-2.154284209591641464e+00
-2.154284209591641464e+00
-2.154284209591641019e+00
-2.154284209591641464e+00
-2.154284209591641464e+00
-2.154284209591643240e+00
-2.154284209591641019e+00
-2.154284209591641464e+00
-2.154284209591641464e+00
-2.154284209591639687e+00
-2.154284209591641464e+00
-2.154284209591640575e+00
-2.154284209591641019e+00
-2.154284209591640575e+00
-2.154284209591641464e+00
-2.154284209591640575e+00
-3.013880521025366299e+00
-3.013880521025365411e+00
-3.013880521025364967e+00
-3.013880521025365855e+00
-3.013880521025366299e+00
-3.013880521025365411e+00
-3.013880521025367187e+00
-3.013880521025366299e+00
-3.013880521025364523e+00
-3.013880521025366299e+00
-3.013880521025366299e+00
-3.013880521025367187e+00
-3.013880521025367187e+00
-3.013880521025366299e+00
-3.013880521025365855e+00
-3.013880521025365855e+00
-3.013880521025366299e+00
-3.013880521025365855e+00
-3.013880521025366299e+00
-3.013880521025367187e+00
-3.013880521025366299e+00
-3.013880521025365411e+00
-3.013880521025366299e+00
-3.013880521025366299e+00
-3.013880521025365411e+00
-3.013880521025364523e+00
-3.013880521025366299e+00
-3.013880521025367187e+00
-3.013880521025365411e+00
-3.013880521025366299e+00
-3.013880521025365855e+00
-3.013880521025366299e+00
-3.013880521025364967e+00
-3.013880521025367187e+00
-3.013880521025365411e+00
-3.013880521025365411e+00
-3.013880521025366299e+00
-3.013880521025366299e+00
-3.013880521025367187e+00
-3.013880521025366299e+00
-3.013880521025365411e+00
-3.013880521025364523e+00
-3.013880521025365855e+00
-3.013880521025367187e+00
-3.013880521025364523e+00
-3.013880521025366299e+00
-3.013880521025366299e+00
-3.013880521025365411e+00
-3.013880521025365411e+00
-3.013880521025364967e+00
-3.878738181674388219e+00
-3.878738181674386443e+00
-3.878738181674388219e+00
-3.878738181674389551e+00
-3.878738181674389107e+00
-3.878738181674390439e+00
-3.878738181674389107e+00
-3.878738181674387775e+00
-3.878738181674387331e+00
-3.878738181674387775e+00
-3.878738181674387331e+00
-3.878738181674386887e+00
-3.878738181674387775e+00
-3.878738181674388663e+00
-3.878738181674388219e+00
-3.878738181674389551e+00
-3.878738181674389551e+00
-3.878738181674387331e+00
-3.878738181674387775e+00
-3.878738181674389107e+00
-3.878738181674387331e+00
-3.878738181674386887e+00
-3.878738181674389551e+00
-3.878738181674388663e+00
-3.878738181674388219e+00
-3.878738181674389107e+00
-3.878738181674388663e+00
-3.878738181674389551e+00
-3.878738181674387331e+00
-3.878738181674386443e+00
-3.878738181674387775e+00
-3.878738181674387775e+00
-3.878738181674387331e+00
-3.878738181674388663e+00
-3.878738181674387331e+00
-3.878738181674387775e+00
-3.878738181674388219e+00
-3.878738181674387775e+00
-3.878738181674387775e+00
-3.878738181674388219e+00
-3.878738181674389107e+00
-3.878738181674389995e+00
-3.878738181674386887e+00
-3.878738181674387775e+00
-3.878738181674389107e+00
-3.878738181674389995e+00
-3.878738181674389107e+00
-3.878738181674387775e+00
-3.878738181674387775e+00
-3.878738181674387775e+00
-4.737247997126276644e+00
-4.737247997126276644e+00
-4.737247997126275756e+00
-4.737247997126276644e+00
-4.737247997126276644e+00
-4.737247997126278420e+00
-4.737247997126276644e+00
-4.737247997126277532e+00
-4.737247997126278420e+00
-4.737247997126276644e+00
-4.737247997126276644e+00
-4.737247997126273091e+00
-4.737247997126276644e+00
-4.737247997126276644e+00
-4.737247997126274868e+00
-4.737247997126278420e+00
-4.737247997126274868e+00
-4.737247997126275756e+00
-4.737247997126280197e+00
-4.737247997126276644e+00
-4.737247997126277532e+00
-4.737247997126276644e+00
-4.737247997126276644e+00
-4.737247997126277532e+00
-4.737247997126274868e+00
-4.737247997126274868e+00
-4.737247997126277532e+00
-4.737247997126276644e+00
-4.737247997126276644e+00
-4.737247997126276644e+00
-4.737247997126275756e+00
-4.737247997126280197e+00
-4.737247997126276644e+00
-4.737247997126275756e+00
-4.737247997126278420e+00
-4.737247997126274868e+00
-4.737247997126274868e+00
-4.737247997126278420e+00
-4.737247997126274868e+00
-4.737247997126277532e+00
-4.737247997126275756e+00
-4.737247997126277532e+00
-4.737247997126278420e+00
-4.737247997126277532e+00
-4.737247997126277532e+00
-4.737247997126276644e+00
-4.737247997126276644e+00
-4.737247997126275756e+00
-4.737247997126277532e+00
-4.737247997126274868e+00
-5.600000000000002309e+00
-5.600000000000003197e+00
-5.600000000000002309e+00
-5.600000000000001421e+00
-5.600000000000002309e+00
-5.600000000000004974e+00
-5.600000000000004086e+00
-5.600000000000003197e+00
-5.600000000000006750e+00
-5.600000000000001421e+00
-5.600000000000004974e+00
-5.600000000000004974e+00
-5.600000000000004974e+00
-5.600000000000004086e+00
-5.600000000000004086e+00
-5.600000000000003197e+00
-5.600000000000003197e+00
-5.600000000000004974e+00
-5.600000000000003197e+00
-5.600000000000002309e+00
-5.600000000000003197e+00
-5.600000000000001421e+00
-5.600000000000004974e+00
-5.600000000000001421e+00
-5.600000000000004974e+00
-5.600000000000004974e+00
-5.600000000000001421e+00
-5.600000000000003197e+00
-5.600000000000003197e+00
-5.600000000000003197e+00
-5.600000000000004974e+00
-5.600000000000003197e+00
-5.600000000000004974e+00
-5.600000000000001421e+00
-5.600000000000003197e+00
-5.600000000000004974e+00
-5.600000000000004086e+00
-5.600000000000006750e+00
-5.600000000000004974e+00
-5.600000000000004974e+00
-5.599999999999999645e+00
-5.600000000000006750e+00
-5.600000000000004086e+00
-5.600000000000003197e+00
-5.600000000000004974e+00
-5.600000000000003197e+00
-5.600000000000001421e+00
-5.600000000000001421e+00
-5.600000000000004086e+00
-5.600000000000003197e+00
-6.462752002873726198e+00
-6.462752002873724422e+00
-6.462752002873723534e+00
-6.462752002873722645e+00
-6.462752002873726198e+00
-6.462752002873728863e+00
-6.462752002873724422e+00
-6.462752002873726198e+00
-6.462752002873726198e+00
-6.462752002873726198e+00
-6.462752002873724422e+00
-6.462752002873726198e+00
-6.462752002873726198e+00
-6.462752002873724422e+00
-6.462752002873726198e+00
-6.462752002873726198e+00
-6.462752002873726198e+00
-6.462752002873726198e+00
-6.462752002873729751e+00
-6.462752002873727086e+00
-6.462752002873726198e+00
-6.462752002873723534e+00
-6.462752002873727086e+00
-6.462752002873726198e+00
-6.462752002873727974e+00
-6.462752002873727086e+00
-6.462752002873727086e+00
-6.462752002873727974e+00
-6.462752002873723534e+00
-6.462752002873726198e+00
-6.462752002873727974e+00
-6.462752002873727974e+00
-6.462752002873726198e+00
-6.462752002873726198e+00
-6.462752002873727974e+00
-6.462752002873726198e+00
-6.462752002873726198e+00
-6.462752002873724422e+00
-6.462752002873727974e+00
-6.462752002873724422e+00
-6.462752002873724422e+00
-6.462752002873724422e+00
-6.462752002873724422e+00
-6.462752002873724422e+00
-6.462752002873727974e+00
-6.462752002873726198e+00
-6.462752002873722645e+00
-6.462752002873724422e+00
-6.462752002873722645e+00
-6.462752002873726198e+00
-7.321261818325614179e+00
-7.321261818325611515e+00
-7.321261818325615067e+00
-7.321261818325609738e+00
-7.321261818325611515e+00
-7.321261818325607074e+00
-7.321261818325615067e+00
-7.321261818325611515e+00
-7.321261818325613291e+00
-7.321261818325613291e+00
-7.321261818325609738e+00
-7.321261818325612403e+00
-7.321261818325612403e+00
-7.321261818325611515e+00
-7.321261818325612403e+00
-7.321261818325611515e+00
-7.321261818325611515e+00
-7.321261818325613291e+00
-7.321261818325615067e+00
-7.321261818325613291e+00
-7.321261818325611515e+00
-7.321261818325610626e+00
-7.321261818325612403e+00
-7.321261818325611515e+00
-7.321261818325613291e+00
-7.321261818325612403e+00
-7.321261818325611515e+00
-7.321261818325615067e+00
-7.321261818325611515e+00
-7.321261818325609738e+00
-7.321261818325612403e+00
-7.321261818325614179e+00
-7.321261818325612403e+00
-7.321261818325612403e+00
-7.321261818325611515e+00
-7.321261818325612403e+00
-7.321261818325612403e+00
-7.321261818325611515e+00
-7.321261818325613291e+00
-7.321261818325609738e+00
-7.321261818325613291e+00
-7.321261818325613291e+00
-7.321261818325611515e+00
-7.321261818325611515e+00
-7.321261818325607074e+00
-7.321261818325611515e+00
-7.321261818325607962e+00
-7.321261818325613291e+00
-7.321261818325609738e+00
-7.321261818325614179e+00
-8.186119478974633878e+00
-8.186119478974633878e+00
-8.186119478974635655e+00
-8.186119478974630326e+00
-8.186119478974633878e+00
-8.186119478974639208e+00
-8.186119478974633878e+00
-8.186119478974633878e+00
-8.186119478974632102e+00
-8.186119478974632102e+00
-8.186119478974639208e+00
-8.186119478974633878e+00
-8.186119478974633878e+00
-8.186119478974632102e+00
-8.186119478974633878e+00
-8.186119478974637431e+00
-8.186119478974632102e+00
-8.186119478974639208e+00
-8.186119478974635655e+00
-8.186119478974639208e+00
-8.186119478974632102e+00
-8.186119478974632102e+00
-8.186119478974632102e+00
-8.186119478974639208e+00
-8.186119478974635655e+00
-8.186119478974633878e+00
-8.186119478974635655e+00
-8.186119478974632102e+00
-8.186119478974633878e+00
-8.186119478974632102e+00
-8.186119478974639208e+00
-8.186119478974635655e+00
-8.186119478974639208e+00
-8.186119478974630326e+00
-8.186119478974635655e+00
-8.186119478974633878e+00
-8.186119478974630326e+00
-8.186119478974633878e+00
-8.186119478974635655e+00
-8.186119478974635655e+00
-8.186119478974632102e+00
-8.186119478974632102e+00
-8.186119478974632102e+00
-8.186119478974635655e+00
-8.186119478974639208e+00
-8.186119478974635655e+00
-8.186119478974632102e+00
-8.186119478974635655e+00
-8.186119478974633878e+00
-8.186119478974635655e+00
-9.045715790408362267e+00
-9.045715790408362267e+00
-9.045715790408360490e+00
-9.045715790408355161e+00
-9.045715790408362267e+00
-9.045715790408355161e+00
-9.045715790408360490e+00
-9.045715790408358714e+00
-9.045715790408355161e+00
-9.045715790408358714e+00
-9.045715790408362267e+00
-9.045715790408362267e+00
-9.045715790408356938e+00
-9.045715790408362267e+00
-9.045715790408360490e+00
-9.045715790408356938e+00
-9.045715790408360490e+00
-9.045715790408358714e+00
-9.045715790408358714e+00
-9.045715790408358714e+00
-9.045715790408365820e+00
-9.045715790408356938e+00
-9.045715790408360490e+00
-9.045715790408362267e+00
-9.045715790408355161e+00
-9.045715790408355161e+00
-9.045715790408358714e+00
-9.045715790408358714e+00
-9.045715790408358714e+00
-9.045715790408365820e+00
-9.045715790408358714e+00
-9.045715790408362267e+00
-9.045715790408358714e+00
-9.045715790408362267e+00
-9.045715790408358714e+00
-9.045715790408360490e+00
-9.045715790408358714e+00
-9.045715790408355161e+00
-9.045715790408360490e+00
-9.045715790408362267e+00
-9.045715790408362267e+00
-9.045715790408355161e+00
-9.045715790408358714e+00
-9.045715790408362267e+00
-9.045715790408355161e+00
-9.045715790408362267e+00
-9.045715790408355161e+00
-9.045715790408360490e+00
-9.045715790408358714e+00
-9.045715790408360490e+00
-9.906843246252691415e+00
-9.906843246252698520e+00
-9.906843246252696744e+00
-9.906843246252698520e+00
-9.906843246252694968e+00
-9.906843246252694968e+00
-9.906843246252694968e+00
-9.906843246252694968e+00
-9.906843246252693191e+00
-9.906843246252696744e+00
-9.906843246252694968e+00
-9.906843246252691415e+00
-9.906843246252691415e+00
-9.906843246252694968e+00
-9.906843246252694968e+00
-9.906843246252694968e+00
-9.906843246252698520e+00
-9.906843246252693191e+00
-9.906843246252691415e+00
-9.906843246252691415e+00
-9.906843246252698520e+00
-9.906843246252698520e+00
-9.906843246252694968e+00
-9.906843246252691415e+00
-9.906843246252693191e+00
-9.906843246252696744e+00
-9.906843246252693191e+00
-9.906843246252691415e+00
-9.906843246252698520e+00
-9.906843246252694968e+00
-9.906843246252687862e+00
-9.906843246252694968e+00
-9.906843246252694968e+00
-9.906843246252698520e+00
-9.906843246252694968e+00
-9.906843246252694968e+00
-9.906843246252693191e+00
-9.906843246252691415e+00
-9.906843246252693191e+00
-9.906843246252691415e+00
-9.906843246252694968e+00
-9.906843246252691415e+00
-9.906843246252691415e+00
-9.906843246252694968e+00
-9.906843246252693191e+00
-9.906843246252693191e+00
-9.906843246252702073e+00
-9.906843246252694968e+00
-9.906843246252696744e+00
-9.906843246252691415e+00
-1.077094120655587517e+01
-1.077094120655586806e+01
-1.077094120655587162e+01
-1.077094120655586806e+01
-1.077094120655587162e+01
-1.077094120655586984e+01
-1.077094120655587517e+01
-1.077094120655586451e+01
-1.077094120655586806e+01
-1.077094120655586806e+01
-1.077094120655586984e+01
-1.077094120655587162e+01
-1.077094120655586806e+01
-1.077094120655586806e+01
-1.077094120655587162e+01
-1.077094120655587162e+01
-1.077094120655586451e+01
-1.077094120655586984e+01
-1.077094120655586806e+01
-1.077094120655586806e+01
-1.077094120655586451e+01
-1.077094120655587339e+01
-1.077094120655586806e+01
-1.077094120655586984e+01
-1.077094120655587339e+01
-1.077094120655587339e+01
-1.077094120655587162e+01
-1.077094120655586806e+01
-1.077094120655586806e+01
-1.077094120655586984e+01
-1.077094120655586806e+01
-1.077094120655586806e+01
-1.077094120655586806e+01
-1.077094120655586984e+01
-1.077094120655586806e+01
-1.077094120655587162e+01
-1.077094120655586984e+01
-1.077094120655586984e+01
-1.077094120655587339e+01
-1.077094120655587162e+01
-1.077094120655586806e+01
-1.077094120655586984e+01
-1.077094120655586806e+01
-1.077094120655587162e+01
-1.077094120655587162e+01
-1.077094120655586806e+01
-1.077094120655586451e+01
-1.077094120655586984e+01
-1.077094120655586451e+01
-1.077094120655586984e+01
-1.162905879344413052e+01
-1.162905879344413229e+01
-1.162905879344413052e+01
-1.162905879344413229e+01
-1.162905879344412874e+01
-1.162905879344412696e+01
-1.162905879344413052e+01
-1.162905879344412696e+01
-1.162905879344413052e+01
-1.162905879344413052e+01
-1.162905879344413229e+01
-1.162905879344412696e+01
-1.162905879344412696e+01
-1.162905879344413052e+01
-1.162905879344413052e+01
-1.162905879344412696e+01
-1.162905879344413052e+01
-1.162905879344413229e+01
-1.162905879344413407e+01
-1.162905879344412696e+01
-1.162905879344413407e+01
-1.162905879344413052e+01
-1.162905879344413052e+01
-1.162905879344413407e+01
-1.162905879344413052e+01
-1.162905879344413052e+01
-1.162905879344413407e+01
-1.162905879344413229e+01
-1.162905879344412874e+01
-1.162905879344413052e+01
-1.162905879344412696e+01
-1.162905879344413407e+01
-1.162905879344412874e+01
-1.162905879344412874e+01
-1.162905879344413052e+01
-1.162905879344413052e+01
-1.162905879344413407e+01
-1.162905879344413407e+01
-1.162905879344412874e+01
-1.162905879344413052e+01
-1.162905879344413229e+01
-1.162905879344413052e+01
-1.162905879344412874e+01
-1.162905879344413052e+01
-1.162905879344412696e+01
-1.162905879344413052e+01
-1.162905879344412874e+01
-1.162905879344413229e+01
-1.162905879344413407e+01
-1.162905879344412696e+01
-1.249315675374731072e+01
-1.249315675374730183e+01
-1.249315675374730716e+01
-1.249315675374731072e+01
-1.249315675374730539e+01
-1.249315675374731249e+01
-1.249315675374730716e+01
-1.249315675374731249e+01
-1.249315675374730716e+01
-1.249315675374731072e+01
-1.249315675374730716e+01
-1.249315675374731072e+01
-1.249315675374731427e+01
-1.249315675374731072e+01
-1.249315675374731782e+01
-1.249315675374730716e+01
-1.249315675374731072e+01
-1.249315675374731427e+01
-1.249315675374731072e+01
-1.249315675374730716e+01
-1.249315675374730539e+01
-1.249315675374730361e+01
-1.249315675374730716e+01
-1.249315675374730716e+01
-1.249315675374731072e+01
-1.249315675374731072e+01
-1.249315675374730539e+01
-1.249315675374731072e+01
-1.249315675374730539e+01
-1.249315675374730361e+01
-1.249315675374730716e+01
-1.249315675374731072e+01
-1.249315675374731605e+01
-1.249315675374730716e+01
-1.249315675374730716e+01
-1.249315675374731782e+01
-1.249315675374730716e+01
-1.249315675374731072e+01
-1.249315675374731249e+01
-1.249315675374730716e+01
-1.249315675374731249e+01
-1.249315675374731072e+01
-1.249315675374731072e+01
-1.249315675374731072e+01
-1.249315675374731072e+01
-1.249315675374730716e+01
-1.249315675374731427e+01
-1.249315675374730716e+01
-1.249315675374730361e+01
-1.249315675374731072e+01
-1.335428420959163986e+01
-1.335428420959164164e+01
-1.335428420959163986e+01
-1.335428420959164697e+01
-1.335428420959163986e+01
-1.335428420959163986e+01
-1.335428420959163986e+01
-1.335428420959163986e+01
-1.335428420959163631e+01
-1.335428420959163986e+01
-1.335428420959163986e+01
-1.335428420959163986e+01
-1.335428420959163986e+01
-1.335428420959163631e+01
-1.335428420959164164e+01
-1.335428420959163986e+01
-1.335428420959164342e+01
-1.335428420959163986e+01
-1.335428420959163986e+01
-1.335428420959163986e+01
-1.335428420959163631e+01
-1.335428420959164164e+01
-1.335428420959163454e+01
-1.335428420959163454e+01
-1.335428420959163986e+01
-1.335428420959163631e+01
-1.335428420959163631e+01
-1.335428420959163454e+01
-1.335428420959163986e+01
-1.335428420959163631e+01
-1.335428420959163986e+01
-1.335428420959163631e+01
-1.335428420959163986e+01
-1.335428420959163986e+01
-1.335428420959163986e+01
-1.335428420959164342e+01
-1.335428420959163986e+01
-1.335428420959163986e+01
-1.335428420959164342e+01
-1.335428420959164519e+01
-1.335428420959164164e+01
-1.335428420959163986e+01
-1.335428420959163986e+01
-1.335428420959163986e+01
-1.335428420959163986e+01
-1.335428420959164519e+01
-1.335428420959164697e+01
-1.335428420959164164e+01
-1.335428420959164342e+01
-1.335428420959164342e+01
-1.421388052102536648e+01
-1.421388052102537181e+01
-1.421388052102536825e+01
-1.421388052102536825e+01
-1.421388052102536648e+01
-1.421388052102537003e+01
-1.421388052102537003e+01
-1.421388052102537003e+01
-1.421388052102536648e+01
-1.421388052102537003e+01
-1.421388052102536825e+01
-1.421388052102537713e+01
-1.421388052102536648e+01
-1.421388052102536115e+01
-1.421388052102536648e+01
-1.421388052102537003e+01
-1.421388052102537358e+01
-1.421388052102537003e+01
-1.421388052102536648e+01
-1.421388052102536292e+01
-1.421388052102536648e+01
-1.421388052102536292e+01
-1.421388052102536648e+01
-1.421388052102536470e+01
-1.421388052102537003e+01
-1.421388052102537003e+01
-1.421388052102536648e+01
-1.421388052102536292e+01
-1.421388052102535937e+01
-1.421388052102536825e+01
-1.421388052102536825e+01
-1.421388052102536825e+01
-1.421388052102537181e+01
-1.421388052102537003e+01
-1.421388052102537003e+01
-1.421388052102536648e+01
-1.421388052102535937e+01
-1.421388052102536648e+01
-1.421388052102537536e+01
-1.421388052102536648e+01
-1.421388052102537181e+01
-1.421388052102537003e+01
-1.421388052102536648e+01
-1.421388052102536648e+01
-1.421388052102536825e+01
-1.421388052102536825e+01
-1.421388052102537358e+01
-1.421388052102537003e+01
-1.421388052102537536e+01
-1.421388052102537003e+01
-1.507873818167438706e+01
-1.507873818167437641e+01
-1.507873818167437996e+01
-1.507873818167438706e+01
-1.507873818167438529e+01
-1.507873818167438529e+01
-1.507873818167437996e+01
-1.507873818167438174e+01
-1.507873818167438174e+01
-1.507873818167438706e+01
-1.507873818167438706e+01
-1.507873818167438174e+01
-1.507873818167438529e+01
-1.507873818167438529e+01
-1.507873818167438706e+01
-1.507873818167438174e+01
-1.507873818167438351e+01
-1.507873818167437996e+01
-1.507873818167438529e+01
-1.507873818167438706e+01
-1.507873818167437996e+01
-1.507873818167438706e+01
-1.507873818167438706e+01
-1.507873818167438174e+01
-1.507873818167438529e+01
-1.507873818167438706e+01
-1.507873818167437641e+01
-1.507873818167438706e+01
-1.507873818167438706e+01
-1.507873818167437818e+01
-1.507873818167438529e+01
-1.507873818167438174e+01
-1.507873818167437996e+01
-1.507873818167438174e+01
-1.507873818167437818e+01
-1.507873818167437996e+01
-1.507873818167438529e+01
-1.507873818167438351e+01
-1.507873818167438351e+01
-1.507873818167438884e+01
-1.507873818167438706e+01
-1.507873818167438884e+01
-1.507873818167438529e+01
-1.507873818167438529e+01
-1.507873818167438706e+01
-1.507873818167438706e+01
-1.507873818167438706e+01
-1.507873818167438174e+01
-1.507873818167437996e+01
-1.507873818167438706e+01
-1.593724799712627593e+01
-1.593724799712627593e+01
-1.593724799712627060e+01
-1.593724799712627593e+01
-1.593724799712627593e+01
-1.593724799712627593e+01
-1.593724799712628482e+01
-1.593724799712627949e+01
-1.593724799712627593e+01
-1.593724799712627771e+01
-1.593724799712627593e+01
-1.593724799712627238e+01
-1.593724799712627238e+01
-1.593724799712628126e+01
-1.593724799712626705e+01
-1.593724799712626883e+01
-1.593724799712628659e+01
-1.593724799712627416e+01
-1.593724799712627060e+01
-1.593724799712627593e+01
-1.593724799712627060e+01
-1.593724799712627416e+01
-1.593724799712627949e+01
-1.593724799712627416e+01
-1.593724799712626528e+01
-1.593724799712627060e+01
-1.593724799712627416e+01
-1.593724799712627771e+01
-1.593724799712627593e+01
-1.593724799712627593e+01
-1.593724799712627593e+01
-1.593724799712627060e+01
-1.593724799712627060e+01
-1.593724799712628304e+01
-1.593724799712627238e+01
-1.593724799712627060e+01
-1.593724799712627771e+01
-1.593724799712627593e+01
-1.593724799712627416e+01
-1.593724799712627593e+01
-1.593724799712628482e+01
-1.593724799712627416e+01
-1.593724799712627949e+01
-1.593724799712629014e+01
-1.593724799712627949e+01
-1.593724799712627416e+01
-1.593724799712626883e+01
-1.593724799712627238e+01
-1.593724799712627238e+01
-1.593724799712627771e+01
-1.679999999999999005e+01
-1.679999999999999716e+01
-1.679999999999999361e+01
-1.680000000000000426e+01
-1.679999999999999005e+01
-1.680000000000000426e+01
-1.679999999999999361e+01
-1.679999999999999716e+01
-1.679999999999999716e+01
-1.679999999999999716e+01
-1.679999999999999716e+01
-1.679999999999999005e+01
-1.680000000000000426e+01
-1.679999999999999716e+01
-1.679999999999999716e+01
-1.680000000000000426e+01
-1.680000000000000071e+01
-1.680000000000000071e+01
-1.680000000000000426e+01
-1.679999999999999716e+01
-1.680000000000000071e+01
-1.679999999999999716e+01
-1.680000000000001137e+01
-1.679999999999999716e+01
-1.679999999999999716e+01
-1.679999999999999716e+01
-1.679999999999999716e+01
-1.680000000000001492e+01
-1.680000000000000071e+01
-1.680000000000000426e+01
-1.680000000000000426e+01
-1.679999999999999716e+01
-1.680000000000000071e+01
-1.679999999999999716e+01
-1.680000000000000782e+01
-1.679999999999999716e+01
-1.679999999999999716e+01
-1.680000000000000426e+01
-1.679999999999999716e+01
-1.679999999999999716e+01
-1.680000000000000071e+01
-1.680000000000000071e+01
-1.679999999999999716e+01
-1.679999999999999005e+01
-1.680000000000000426e+01
-1.679999999999999361e+01
-1.680000000000000426e+01
-1.679999999999999005e+01
-1.680000000000000071e+01
-1.679999999999999005e+01
-1.766275200287372371e+01
-1.766275200287371661e+01
-1.766275200287371661e+01
-1.766275200287371661e+01
-1.766275200287372371e+01
-1.766275200287371661e+01
-1.766275200287370950e+01
-1.766275200287372016e+01
-1.766275200287371661e+01
-1.766275200287372371e+01
-1.766275200287372371e+01
-1.766275200287372371e+01
-1.766275200287372371e+01
-1.766275200287371305e+01
-1.766275200287371661e+01
-1.766275200287372016e+01
-1.766275200287371661e+01
-1.766275200287372371e+01
-1.766275200287372016e+01
-1.766275200287373082e+01
-1.766275200287371661e+01
-1.766275200287372371e+01
-1.766275200287371661e+01
-1.766275200287372016e+01
-1.766275200287373082e+01
-1.766275200287373082e+01
-1.766275200287371661e+01
-1.766275200287371661e+01
-1.766275200287372371e+01
-1.766275200287372371e+01
-1.766275200287372371e+01
-1.766275200287371661e+01
-1.766275200287372371e+01
-1.766275200287372016e+01
-1.766275200287372371e+01
-1.766275200287372016e+01
-1.766275200287371661e+01
-1.766275200287372371e+01
-1.766275200287372371e+01
-1.766275200287372371e+01
-1.766275200287373082e+01
-1.766275200287371661e+01
-1.766275200287371661e+01
-1.766275200287371661e+01
-1.766275200287371661e+01
-1.766275200287373082e+01
-1.766275200287371661e+01
-1.766275200287372016e+01
-1.766275200287371661e+01
-1.766275200287372016e+01
-1.852126181832561969e+01
-1.852126181832561258e+01
-1.852126181832561969e+01
-1.852126181832561969e+01
-1.852126181832561969e+01
-1.852126181832561258e+01
-1.852126181832560547e+01
-1.852126181832561258e+01
-1.852126181832561258e+01
-1.852126181832561258e+01
-1.852126181832561258e+01
-1.852126181832561258e+01
-1.852126181832561258e+01
-1.852126181832561969e+01
-1.852126181832558771e+01
-1.852126181832561969e+01
-1.852126181832561258e+01
-1.852126181832560547e+01
-1.852126181832560903e+01
-1.852126181832561258e+01
-1.852126181832561969e+01
-1.852126181832561258e+01
-1.852126181832561258e+01
-1.852126181832560903e+01
-1.852126181832560903e+01
-1.852126181832561258e+01
-1.852126181832560903e+01
-1.852126181832561258e+01
-1.852126181832561258e+01
-1.852126181832561258e+01
-1.852126181832561258e+01
-1.852126181832561258e+01
-1.852126181832560547e+01
-1.852126181832561258e+01
-1.852126181832561969e+01
-1.852126181832559126e+01
-1.852126181832562679e+01
-1.852126181832560903e+01
-1.852126181832560903e+01
-1.852126181832561258e+01
-1.852126181832561258e+01
-1.852126181832561258e+01
-1.852126181832560903e+01
-1.852126181832560547e+01
-1.852126181832561258e+01
-1.852126181832561969e+01
-1.852126181832561258e+01
-1.852126181832561969e+01
-1.852126181832560903e+01
-1.852126181832561969e+01
-1.938611947897463139e+01
-1.938611947897462784e+01
-1.938611947897463139e+01
-1.938611947897463494e+01
-1.938611947897464205e+01
-1.938611947897462073e+01
-1.938611947897463139e+01
-1.938611947897462073e+01
-1.938611947897462784e+01
-1.938611947897462784e+01
-1.938611947897462784e+01
-1.938611947897462784e+01
-1.938611947897463139e+01
-1.938611947897463850e+01
-1.938611947897462784e+01
-1.938611947897463494e+01
-1.938611947897463494e+01
-1.938611947897462784e+01
-1.938611947897462784e+01
-1.938611947897462073e+01
-1.938611947897462784e+01
-1.938611947897461363e+01
-1.938611947897463494e+01
-1.938611947897463494e+01
-1.938611947897463494e+01
-1.938611947897463139e+01
-1.938611947897463494e+01
-1.938611947897463494e+01
-1.938611947897461718e+01
-1.938611947897462784e+01
-1.938611947897462784e+01
-1.938611947897462784e+01
-1.938611947897462784e+01
-1.938611947897464205e+01
-1.938611947897463850e+01
-1.938611947897463494e+01
-1.938611947897463494e+01
-1.938611947897463494e+01
-1.938611947897463139e+01
-1.938611947897462073e+01
-1.938611947897462784e+01
-1.938611947897462784e+01
-1.938611947897462784e+01
-1.938611947897462784e+01
-1.938611947897462784e+01
-1.938611947897463494e+01
-1.938611947897463494e+01
-1.938611947897463139e+01
-1.938611947897463139e+01
-1.938611947897463139e+01
-2.024571579040836511e+01
-2.024571579040835445e+01
-2.024571579040836156e+01
-2.024571579040835445e+01
-2.024571579040836866e+01
-2.024571579040836156e+01
-2.024571579040835090e+01
-2.024571579040836866e+01
-2.024571579040836511e+01
-2.024571579040836156e+01
-2.024571579040837577e+01
-2.024571579040836511e+01
-2.024571579040836511e+01
-2.024571579040837577e+01
-2.024571579040837221e+01
-2.024571579040836156e+01
-2.024571579040836156e+01
-2.024571579040836511e+01
-2.024571579040836866e+01
-2.024571579040836156e+01
-2.024571579040835445e+01
-2.024571579040836156e+01
-2.024571579040836156e+01
-2.024571579040836866e+01
-2.024571579040836511e+01
-2.024571579040836156e+01
-2.024571579040836866e+01
-2.024571579040836511e+01
-2.024571579040836511e+01
-2.024571579040835090e+01
-2.024571579040836511e+01
-2.024571579040836156e+01
-2.024571579040836156e+01
-2.024571579040836156e+01
-2.024571579040835445e+01
-2.024571579040836866e+01
-2.024571579040837221e+01
-2.024571579040836866e+01
-2.024571579040836156e+01
-2.024571579040837221e+01
-2.024571579040836156e+01
-2.024571579040836156e+01
-2.024571579040836511e+01
-2.024571579040835445e+01
-2.024571579040836156e+01
-2.024571579040836156e+01
-2.024571579040835445e+01
-2.024571579040836156e+01
-2.024571579040835445e+01
-2.024571579040836511e+01
-2.110684324625268005e+01
-2.110684324625269070e+01
-2.110684324625270136e+01
-2.110684324625269070e+01
-2.110684324625269426e+01
-2.110684324625269426e+01
-2.110684324625269426e+01
-2.110684324625270136e+01
-2.110684324625269426e+01
-2.110684324625268715e+01
-2.110684324625269426e+01
-2.110684324625269426e+01
-2.110684324625268715e+01
-2.110684324625268715e+01
-2.110684324625268715e+01
-2.110684324625268005e+01
-2.110684324625268715e+01
-2.110684324625268715e+01
-2.110684324625269070e+01
-2.110684324625269070e+01
-2.110684324625268715e+01
-2.110684324625269426e+01
-2.110684324625268715e+01
-2.110684324625269426e+01
-2.110684324625268005e+01
-2.110684324625268360e+01
-2.110684324625268715e+01
-2.110684324625268715e+01
-2.110684324625269426e+01
-2.110684324625268715e+01
-2.110684324625268360e+01
-2.110684324625268715e+01
-2.110684324625268715e+01
-2.110684324625268360e+01
-2.110684324625268005e+01
-2.110684324625269070e+01
-2.110684324625269426e+01
-2.110684324625268715e+01
-2.110684324625269070e+01
-2.110684324625269426e+01
-2.110684324625269426e+01
-2.110684324625269070e+01
-2.110684324625269426e+01
-2.110684324625268715e+01
-2.110684324625269426e+01
-2.110684324625269070e+01
-2.110684324625268005e+01
-2.110684324625269426e+01
-2.110684324625269070e+01
-2.110684324625268005e+01
