0.000000000000000000e+00
1.654302251822415094e-14
-1.827757801089029683e-14
7.018680000203246908e-14
5.785983903863717302e-14
-1.401002328095116807e-13
-3.650674010012487712e-14
2.483673968675305780e-14
1.197057576434957035e-13
6.628925310077409299e-14
1.052761297829683605e-14
0.000000000000000000e+00
4.425389958012243988e-14
-4.428273995216650453e-14
1.242436162403843408e-14
4.362354286555218995e-14
2.957524081567966164e-14
6.456719017953576390e-15
-9.463619808201431621e-15
0.000000000000000000e+00
3.294539221517356033e-15
3.364084858454747804e-14
2.466759738639365138e-15
6.639806594681984069e-15
0.000000000000000000e+00
-9.787475921075103604e-16
1.659951648670572142e-15
-7.400279215917864673e-15
-2.752433066008219496e-14
-1.647269610758208802e-14
0.000000000000000000e+00
9.463619808202108464e-15
-4.519703312566497754e-14
-2.218143061175989138e-14
0.000000000000000000e+00
-2.484872324808078091e-14
3.542619196173710754e-14
-6.638084937019344800e-14
1.171961553789810470e-14
3.158283893489905465e-14
-4.971693982558381038e-14
-7.617639122768585273e-14
-7.451021906026051129e-14
-2.433782673341383530e-14
1.801288707551277234e-13
-4.339487927898192505e-14
-3.509340000101845597e-14
0.000000000000000000e+00
4.962906755469093109e-14
0.000000000000000000e+00
4.962906755466332727e-14
-1.314433675855955820e-13
0.000000000000000000e+00
1.161841775123792334e-13
-3.831083537188273565e-14
5.301021205091349859e-14
6.445938936470550493e-14
-8.222731831372204009e-14
-2.882289157221770156e-14
8.778406578661234823e-14
-1.394176325980082975e-14
7.759987171911601803e-14
0.000000000000000000e+00
3.518629407335450728e-14
-5.758570575177635923e-14
3.851366711838344793e-14
1.958302717206005932e-14
1.710079415700491601e-14
-2.506547904450906955e-14
4.035844994858586832e-15
-4.362909603780237040e-15
-4.050041327325411665e-15
-6.533252044559591417e-15
-2.198281125664454475e-15
0.000000000000000000e+00
-9.720970028495707988e-16
4.396562251328066447e-15
1.143319107797837799e-14
1.215012398197589973e-14
4.362909603779777134e-15
0.000000000000000000e+00
2.506547904450930936e-14
-1.710079415700440167e-14
-9.791513586031078843e-15
0.000000000000000000e+00
0.000000000000000000e+00
-5.864382345559358018e-14
0.000000000000000000e+00
-6.207989737530385595e-14
-2.788352651960208233e-14
-1.097300822332692755e-13
-4.323433735832497461e-14
1.151182456392346154e-13
-1.289187787294122973e-13
-3.975765903819054026e-14
1.915541768593908328e-14
-2.323683550248136745e-14
7.261479216284431802e-14
8.762891172372562118e-14
3.308604503645013203e-14
1.279430460761685493e-13
0.000000000000000000e+00
-4.011446839942356584e-14
3.851032832773746552e-14
2.116442748007064674e-14
-4.392621812970649288e-14
1.780496377038541044e-14
3.634001454782799947e-14
-3.184516373912255423e-14
-1.212389375248342642e-14
-3.080714728033204671e-14
1.714759476913515026e-14
-2.428134058132436822e-14
5.183415820831604631e-14
-2.726806531550420106e-14
1.595703061886511981e-14
1.622744211376948553e-14
-2.834147422844826666e-14
-6.923393672250914413e-15
1.337736667216562167e-14
-2.892254090069843047e-14
-6.712072705945424286e-15
-1.804620301797872449e-15
1.214386751874519082e-15
1.432057821048388886e-15
2.864115642097095289e-15
-1.214386751874488119e-15
-9.023101508988742594e-15
-2.237357568648091770e-15
0.000000000000000000e+00
-1.337736667216633322e-14
-1.384678734450146122e-14
0.000000000000000000e+00
-2.163658948502412110e-14
-4.255208165030332165e-14
9.089355105167269218e-15
-7.127196753644907004e-14
0.000000000000000000e+00
-5.144278430740866618e-14
3.080714728033523371e-14
-6.061946876240262966e-14
-3.184516373912250374e-14
-1.817000727391449199e-14
3.560992754077981389e-14
4.392621812970908035e-14
-2.116442748007171644e-14
-1.026942088739562038e-13
4.011446839942790773e-14
0.000000000000000000e+00
0.000000000000000000e+00
3.509340000102506978e-14
6.971050650743257868e-14
8.985743276470794389e-14
6.161710203243373030e-14
-4.063592038005278758e-14
7.028288713222821709e-14
5.127857279563267830e-14
1.221035917147335980e-13
7.642926356601288314e-14
1.163898909787781245e-13
0.000000000000000000e+00
9.053995216993314160e-14
-1.554016984432330197e-14
1.866053635467595010e-14
0.000000000000000000e+00
9.191354333544609454e-14
-1.038566015786686883e-14
-9.069320768578308841e-15
1.993963992720632003e-14
8.561560941456814733e-15
4.627649856808156950e-15
-2.147887732109316533e-15
8.662215476003792959e-15
-1.165826238412898180e-15
0.000000000000000000e+00
0.000000000000000000e+00
0.000000000000000000e+00
-1.732443095200687042e-15
1.718310185687410943e-14
-9.255299713616078820e-15
-4.280780470728884627e-15
-1.993963992720642416e-14
0.000000000000000000e+00
1.038566015786733584e-14
-4.595677166772822220e-14
2.617745762267477688e-14
3.110089392446703342e-14
0.000000000000000000e+00
-6.584723794177602905e-14
1.478762040784157263e-14
-1.280288800766513906e-13
-1.070009689924218053e-13
-8.721685122483377537e-14
-3.418571519709254165e-14
-1.405657742644989380e-14
6.095388057008511677e-14
-1.232342040648963455e-14
-6.418388054622788279e-14
2.323683550248302091e-14
-1.754670000051013991e-14
-5.785983903866779345e-14
1.915541768593676403e-14
0.000000000000000000e+00
2.031796019002119362e-14
-5.024777785087027272e-14
-2.317564352884333960e-14
2.818124468583124671e-14
-1.437968074312253398e-14
1.260115150667008617e-14
-6.716266864817907421e-14
-3.657137823084365379e-14
-6.785230310724553080e-14
-2.562139515821413907e-14
-3.076634437885807938e-14
2.877271503771230059e-14
8.418942860404983605e-15
-8.561560941457363780e-15
7.476360995814741542e-15
1.095842828655062718e-14
-1.058667819553462979e-14
3.051893142085715618e-14
0.000000000000000000e+00
-1.428149332217068002e-15
4.805356455889196417e-15
-2.833295941765165664e-16
1.699977565059297994e-15
-4.805356455889222450e-15
-1.428149332217067805e-15
0.000000000000000000e+00
-2.670406499325202956e-14
3.528892731844724346e-15
5.479214143275633866e-15
-7.476360995814348689e-15
-8.561560941457613060e-15
1.683788572081255783e-14
-7.193178759427936623e-14
4.102179250515006962e-14
1.281069757910667195e-14
5.428184248579606366e-14
0.000000000000000000e+00
3.837866779895310239e-14
2.520230301334536304e-14
0.000000000000000000e+00
-5.636248937165537474e-14
6.952693058655096779e-14
5.024777785087022223e-14
-4.063592038004285425e-14
6.349328244021297836e-14
-1.723987591734221262e-13
0.000000000000000000e+00
-8.005727589113161611e-14
1.325255301273006281e-14
-2.928414541980295913e-14
7.028288713223133467e-14
-5.793910882210941080e-14
4.810007655746656083e-14
0.000000000000000000e+00
4.974148335830224119e-14
1.743557455195574652e-14
-1.327601772778673747e-14
0.000000000000000000e+00
-9.388533119842346704e-15
5.317741019916469688e-14
4.256959163769494810e-14
3.981243715059819109e-14
4.077102559613408713e-14
3.553887589284904186e-14
1.034490387890674195e-14
-1.137187925066095879e-14
4.882864287899103906e-15
1.847467726425313053e-14
0.000000000000000000e+00
5.928335798970884776e-15
1.329778146417655448e-15
0.000000000000000000e+00
7.840704462318912611e-16
-1.329778146417503790e-15
-1.580889546391998020e-14
4.899910706331695273e-15
-2.639239609179100238e-14
-1.953145715159744114e-14
-3.790626416886990470e-15
-2.586225969726611098e-14
5.923145982141843295e-15
-8.154205119227115300e-14
-2.985932786294932016e-14
-2.837972775846608815e-14
-3.545160679944860910e-14
-9.388533119842212598e-15
-2.530083876303185492e-14
2.655203545557430481e-14
-3.487114910391531745e-14
3.979318668664927135e-14
4.874234062969930419e-14
-3.206671770498309882e-14
4.635128705768664133e-14
-8.433946455869459809e-14
5.856829083961543507e-14
-2.650510602546396579e-14
2.001431897277844223e-14
3.650674010011784048e-14
-4.834454202354504475e-14
3.560992754076529254e-14
5.127857279563337880e-14
-2.818124468583249627e-14
-3.899387250375646713e-14
-1.185399513188078938e-14
2.419434165201188079e-14
8.480760323051803350e-14
-4.843013993830658554e-14
-3.076634437886406841e-14
5.708199759709860892e-14
2.155446978040560724e-14
-8.627584304349988552e-15
4.235975725225802911e-14
0.000000000000000000e+00
0.000000000000000000e+00
-1.886887846933406663e-14
2.304744822487774367e-14
-2.968745896823719723e-15
1.604663263307885835e-14
2.979179735440763482e-15
1.201456885274585137e-14
-3.234075580130177326e-15
-2.383562307150454452e-16
-9.534249228600458995e-16
-8.085188950324975916e-16
-1.201456885274679564e-15
-8.937539206321392327e-15
-2.567461221292365469e-14
-2.968745896823760744e-15
-1.382846893492785221e-14
2.515850462578076131e-14
-3.601285282206290610e-14
-2.124777144417440093e-14
-4.235975725226286325e-14
1.725516860870183566e-14
-6.466340934120903409e-14
-4.566559807768309649e-14
2.051089625257555862e-14
-8.071689989717042712e-15
-7.420665282670839744e-14
2.419434165201460078e-14
-3.556198539564250067e-14
6.823927688158042183e-14
-1.409062234291655106e-14
-5.127857279563574539e-14
3.560992754076879508e-14
-8.057423670589842199e-14
-3.650674010011717784e-14
3.725510953012440545e-14
6.578185465095629875e-14
9.085003636955680262e-14
1.744337024496870198e-14
0.000000000000000000e+00
0.000000000000000000e+00
1.209717082600663301e-14
-1.234524001725040738e-14
4.327317897004742179e-14
1.647458168388491283e-14
1.046567954787374709e-14
0.000000000000000000e+00
2.749570810323428474e-14
-3.521778141324308988e-14
0.000000000000000000e+00
2.168340057716378509e-14
2.205080765686721354e-14
6.418653053231151908e-15
-4.703977066012042379e-15
-6.059294921811158174e-15
-3.275138198397141664e-15
1.520129952561220261e-15
6.130531407096423483e-15
-4.950558703791748255e-15
-2.432450776510625811e-16
-7.297352329531886306e-16
9.076024290285858271e-15
-1.226106281419379281e-15
-1.520129952561132106e-15
-3.275138198397287604e-15
-6.059294921810497109e-15
1.411193119803712031e-14
-2.567461221292274277e-14
-1.470053843791231504e-14
-4.336680115432383413e-14
1.852663750495550163e-14
2.641333605993186460e-14
5.499141620647666793e-15
-1.165055756783557095e-14
-3.139703864362101092e-14
8.237290841942570012e-15
-6.490976845507580906e-14
3.703572005175479093e-14
0.000000000000000000e+00
2.984489001499188389e-14
-2.875936148624636800e-14
-1.744337024497050374e-14
-5.451002182173638883e-14
-6.578185465096074161e-14
-1.117653285903490898e-13
9.794107443558225208e-14
2.882289157221674230e-14
-3.184516373912497761e-14
3.057170542640811432e-14
2.520230301334220129e-14
8.717787275978480685e-15
1.060095040381562982e-14
4.327317897004892378e-14
-1.896038687601485950e-14
3.609240603595775348e-14
3.668471833063676434e-14
-2.041911503293871481e-14
-9.637959786957933208e-15
1.543084691090343273e-14
5.411738204872301743e-15
1.266760530859546000e-14
1.288227344893613622e-14
-1.687431474399004366e-14
4.122139976925781962e-14
-1.061972024237733458e-14
8.610138880220110460e-15
-5.328427943290626044e-15
1.074458255787326993e-15
0.000000000000000000e+00
1.278955756280421587e-15
-8.526371708536235291e-16
1.446074689473757981e-15
2.148916511574856724e-15
1.598528382987243980e-14
-8.610138880220768370e-15
-2.654930060594244503e-15
-4.534353974618063295e-14
-1.124954316265887422e-14
6.441136724469293211e-15
-2.533521061718858181e-14
2.705869102436633181e-14
-1.543084691090394707e-14
2.891387936087599739e-14
1.020955751646986228e-14
0.000000000000000000e+00
-1.443696241438327620e-14
2.844058031402919967e-14
-7.572806319756855829e-14
-6.360570242290139933e-14
2.615336182794133485e-14
-6.300575753335551111e-14
-7.642926356601967365e-14
1.592258186956004018e-14
-5.764578314443675364e-14
-5.441170801977650975e-14
4.971693982558121030e-14
-4.389203289331680165e-14
-1.212389375248481954e-14
1.163898909788081549e-14
-3.837866779894323847e-14
2.655203545557402713e-14
8.071689989715514215e-14
2.471187252582640684e-14
7.218481207191716988e-15
0.000000000000000000e+00
0.000000000000000000e+00
2.332118056710976109e-14
-7.338502840031319268e-15
0.000000000000000000e+00
0.000000000000000000e+00
-3.375912634100046716e-14
2.452212562838657746e-14
4.282768123423065784e-15
0.000000000000000000e+00
-4.042990784255797010e-15
6.555951731208127113e-15
1.014303063118695182e-14
8.181024618459213957e-15
4.404346719749650719e-15
1.623030298459117612e-15
-3.570666656609709242e-15
-3.303260039812473514e-15
0.000000000000000000e+00
6.085818378712713356e-15
-2.185317243736088125e-15
8.085981568512196709e-15
9.416197312056673127e-15
-4.282768123423210145e-15
-1.961770050270986339e-14
2.411366167214284869e-14
-4.120547563784074173e-15
-1.174953141592989857e-14
-1.467700568006228828e-14
6.218981484564467195e-14
-2.094967241586140913e-14
-4.396974728117600457e-14
-7.218481207192030954e-15
-8.237290841942342820e-15
-8.071689989717337746e-15
2.655203545558071036e-14
2.878400084920788482e-14
-1.163898909788166588e-14
0.000000000000000000e+00
3.291902466998352914e-14
-1.657231327519789985e-14
7.369329084806789531e-14
0.000000000000000000e+00
1.540357364016468860e-14
0.000000000000000000e+00
3.657137823083478068e-14
-8.433612921011940964e-15
0.000000000000000000e+00
0.000000000000000000e+00
2.751353874797636314e-14
2.793289655447992352e-14
1.774445844736582215e-14
-4.938399411148952289e-15
2.330957774604938381e-14
2.239177790738476196e-14
2.094145833697510615e-14
5.514612941939183549e-14
-9.346788170426160119e-15
-8.162176641318091365e-15
1.196331082799349658e-14
1.541040933775361720e-14
5.552998048079716587e-15
-5.154743928037272162e-15
9.354965887076604338e-15
-2.797874799842529723e-15
-4.124236428145439278e-16
0.000000000000000000e+00
3.497343499803166098e-15
-1.039440654119636816e-14
2.577371964018472787e-15
-8.329497072120022559e-15
-7.705204668877233009e-15
-1.196331082799324256e-14
1.360362773553030479e-14
2.492476845447124863e-14
-5.514612941939418945e-14
-2.617682292121927870e-14
-7.463925969128798301e-15
-9.323831098420084847e-15
-2.963039646689116413e-14
-8.872229223683474322e-15
-4.888256897034260430e-14
9.171179582660800360e-15
5.232839773937742238e-14
-2.051089625257437217e-14
-2.530083876303655653e-14
-3.657137823083483117e-14
0.000000000000000000e+00
-4.621072092048958824e-14
-1.394176325980054576e-14
-6.316567786977749795e-14
5.859807768947080197e-14
3.103994868764525106e-14
-4.286898692284313420e-14
9.053995216994020979e-14
-4.071138186433946521e-14
1.877706623968399290e-14
1.141639951942176967e-14
1.165055756783446339e-14
-1.020955751646952780e-14
3.886863427851532817e-14
-1.481519823344638670e-14
3.848229181788818589e-14
6.746591746972769155e-14
2.908163515284810169e-14
1.165601832622229652e-14
3.410548683414336739e-15
-1.387332033316286239e-14
-1.211488350229975152e-14
1.331789127430450602e-14
-5.718306588238033658e-15
1.545420990994482819e-15
5.738373580151473468e-15
1.157105595845398947e-15
4.672001674773711190e-15
-6.886705150816800509e-16
-4.591136767210938372e-16
-5.450668620569395197e-15
3.471316787536172781e-15
-2.869186790075896478e-15
-1.545420990994558944e-15
2.859153294119082305e-15
-1.331789127430531382e-14
1.514360437787530747e-14
2.427831058303569115e-14
1.705274341707260232e-14
-1.748402748933489312e-14
8.309038615100857515e-15
-3.632780171447109445e-14
-2.748735129849449230e-14
-1.481519823344581241e-14
-1.554745371140747296e-14
-2.041911503293827621e-14
-2.330111513566910980e-14
0.000000000000000000e+00
-1.877706623968770370e-14
8.142276372868247715e-14
-7.407814268451060397e-14
2.572139215370557318e-14
-4.655992303147099416e-14
0.000000000000000000e+00
0.000000000000000000e+00
0.000000000000000000e+00
-7.284402174397359376e-14
-2.331025476648352354e-14
1.281069757910654415e-14
3.545160679945061596e-14
2.155446978040705559e-14
1.649742486194157491e-14
9.637959786957642907e-15
-1.467700568006332327e-14
3.263340884446669503e-14
2.594842979605104230e-14
6.368873465030567114e-14
7.843844349907005999e-15
-3.301031481225922317e-14
2.897643498091299731e-14
0.000000000000000000e+00
8.577459882357101763e-15
-1.257226871407252175e-14
-1.079631685467849032e-14
-1.021228759304168177e-14
-2.708550968972952826e-15
1.092323265139778828e-15
-7.350720830854245747e-16
4.334094936771358947e-16
-8.668189873542537441e-16
-7.350720830853922314e-16
0.000000000000000000e+00
-4.062826453459464737e-15
1.458898227577450782e-15
2.699079213669645063e-15
1.047689059506065593e-14
0.000000000000000000e+00
-3.274150306389569914e-15
-9.658811660304666913e-15
2.750859567688494107e-14
-2.745345522467440346e-14
-6.368873465030218753e-14
-1.037937191842162198e-14
-3.263340884446915627e-14
0.000000000000000000e+00
9.637959786958991860e-15
5.499141620648000482e-15
3.233170467061478486e-14
-4.431450849931123154e-14
0.000000000000000000e+00
2.331025476648264948e-14
5.665646135641815003e-14
-2.930212957400505826e-14
-2.212694979006286077e-14
-3.542619196172620232e-14
5.864382345559082863e-14
3.887561865623061183e-14
1.866053635467224561e-14
-2.051089625257389570e-14
2.128479581885062318e-14
1.725516860869714036e-14
8.804445353309036975e-15
1.543084691090485584e-14
-1.174953141592969820e-14
2.985570387651284555e-14
1.246355792264860809e-14
-3.921922174953577941e-15
1.883749488479770200e-14
0.000000000000000000e+00
-5.154743928036617407e-15
2.621052469615447871e-15
-6.866581178395086381e-15
0.000000000000000000e+00
-1.512500524309286574e-14
4.671561711564223822e-15
-1.084130777583466991e-15
8.744485625937386674e-16
-5.884409050537527726e-16
-1.387835891195966416e-15
1.734794863994868041e-16
1.765322715161290464e-15
-8.744485625937391604e-16
-1.084130777583435042e-15
-9.343123423128567551e-15
4.321430069455027751e-15
-1.006435520483016395e-14
6.866581178395087958e-15
5.242104939231131612e-15
0.000000000000000000e+00
4.404346719750023062e-15
0.000000000000000000e+00
1.568768869981526471e-14
4.154519307550004351e-15
-2.985570387651441696e-14
1.762429712389422544e-14
-7.715423455453221513e-15
8.804445353309712240e-15
0.000000000000000000e+00
-2.128479581885182541e-14
3.076634437885859056e-14
-3.110089392445246789e-14
-1.943780932811269636e-14
-1.055588822200544468e-13
4.428273995215512600e-14
2.484872324808077460e-14
-3.290611757243834262e-14
-2.726806531550460811e-14
-5.235491524534786244e-14
2.877271503771409288e-14
2.985932786294908666e-14
2.420557557271945122e-14
6.175545834983844026e-15
-2.164695281949438190e-14
2.060273781891948576e-14
3.141218750546293375e-14
1.165601832622181531e-14
-5.501719135376133561e-15
0.000000000000000000e+00
0.000000000000000000e+00
2.530941738833856491e-14
7.353753251895791551e-15
1.284326672655159310e-14
2.353126337596955253e-15
6.062108374628226133e-15
0.000000000000000000e+00
0.000000000000000000e+00
4.906690170625981670e-15
-3.301964876909260748e-15
-2.433590895848527687e-16
2.433590895848500077e-16
3.714710486523026021e-15
-3.680017627969405591e-15
-4.562574159669860473e-15
-4.915035924417865848e-15
3.031054187314225873e-15
-9.412505350387652195e-15
-6.421633363275813904e-15
3.676876625948073269e-15
-7.231262110954743662e-15
0.000000000000000000e+00
-4.404346719749655453e-15
-5.501719135376178526e-15
0.000000000000000000e+00
-3.664755208970772792e-14
-4.120547563783552578e-14
2.164695281949391490e-14
-1.235109166996797362e-14
3.025696946590977511e-14
0.000000000000000000e+00
-5.035225131599625308e-14
7.853237286804022145e-14
0.000000000000000000e+00
-1.645305878621852444e-14
-2.484872324808196420e-14
-2.181177143278471565e-14
2.888525033878638215e-14
4.255208165030720285e-14
5.106307963081235784e-14
-1.683788572080962011e-14
2.912216114009836669e-14
1.416518096278397314e-14
5.059460134671201703e-14
1.900140796289298962e-14
-2.411366167214298753e-14
4.901878170612659418e-14
2.046329210048568517e-14
6.439207773536683108e-15
1.546423178410896160e-14
1.446252422190783703e-14
-1.269501186634790142e-14
2.151690740748878603e-15
3.757960573759951604e-15
-1.377019429929263221e-14
1.773782694913199968e-15
-3.835007576588216434e-15
4.449963398840362255e-15
-5.024986692368553523e-15
-9.661355294483231155e-16
2.848272881360668121e-16
-5.696545762721298771e-16
9.661355294483436259e-16
3.589276208834661254e-15
-8.009934117912719428e-15
1.917503788294139772e-15
-1.773782694913278657e-15
1.377019429929294775e-14
-1.127388172127955031e-14
-2.151690740748927907e-15
1.269501186634875812e-14
0.000000000000000000e+00
-1.546423178410975993e-14
0.000000000000000000e+00
1.023164605024416314e-14
-3.676408627959845922e-14
1.929092933771284512e-14
-1.266760530859603587e-14
-3.613900096194022031e-14
1.416518096278668840e-14
-4.659545782415988329e-14
0.000000000000000000e+00
-8.170092740930064344e-14
-4.255208165030683681e-14
0.000000000000000000e+00
3.635295238797422210e-14
-1.478762040784013374e-14
-3.916605434413480407e-14
5.409147371256124939e-15
0.000000000000000000e+00
-2.568468282437521523e-14
4.738516785712692717e-14
2.881028225764896299e-14
2.940107687582201107e-14
1.932341017340500108e-14
4.904425125677639398e-15
3.738715268170092336e-14
1.734165041645166697e-14
-6.548300612778970223e-15
0.000000000000000000e+00
1.103062987784349405e-14
-1.506183518524251270e-14
-1.531704537981950539e-14
1.337567334814123393e-14
-1.260321711364435855e-14
1.082298494564611623e-14
2.924991428340640912e-15
-2.715224098562434340e-15
-7.300150703343120316e-16
4.912546482999024894e-16
8.689584671127080515e-16
-2.896528223709081566e-16
2.456273241499582951e-15
2.190045211002956013e-15
9.050746995208031638e-16
-4.874985713901105658e-15
-7.215323297097743718e-15
-1.400357457071594101e-15
-5.732431434917706507e-15
0.000000000000000000e+00
2.366859814823939815e-14
-7.353753251896080274e-15
-5.242104939230886277e-15
-3.274150306389616457e-15
-1.040499024987162496e-14
-6.231192113617677263e-15
-1.471327537703292214e-14
0.000000000000000000e+00
-7.350269218956266384e-15
-7.202570564413294666e-15
-4.146202187499006711e-14
2.568468282437408558e-14
1.038566015786849547e-14
1.622744211377018604e-14
4.895756793017596140e-14
2.957524081568000874e-14
6.456719017952981589e-15
8.550397078501910536e-15
-9.447158076148294149e-15
-1.813864153715442149e-14
2.242908298744501033e-14
2.068980775781061245e-14
-1.257925231288946873e-14
-1.925595915969601085e-14
-1.687431474399131531e-14
-2.141384061711669128e-14
0.000000000000000000e+00
-9.086162626725028602e-15
-2.859153294119213650e-15
-6.866581178395035105e-15
0.000000000000000000e+00
3.757960573759872718e-15
2.101891526136466432e-14
8.343051593095471519e-15
1.222877448334993816e-15
3.150381223674158225e-15
8.514202950904938677e-16
-2.371090073048593226e-15
1.274965033711022575e-15
4.289930553876843483e-16
1.264697316455668966e-15
-6.323486582278391177e-16
0.000000000000000000e+00
-6.374825168555166122e-16
7.903633576828480726e-16
0.000000000000000000e+00
1.575190611837139461e-15
1.222877448335037401e-15
-5.005830955857301055e-15
-1.146486286983556290e-14
-1.878980286880024317e-15
9.632450044914778324e-15
6.866581178395296218e-15
5.718306588238757833e-15
0.000000000000000000e+00
-5.441451094211861591e-15
4.282768123423151769e-15
5.624771581330610145e-15
1.925595915969602031e-14
0.000000000000000000e+00
-3.103471163671925240e-14
-2.990544398325948997e-14
2.267330192144443104e-14
-4.723579038074126564e-15
-2.565119123550624121e-14
-1.291343803590569654e-14
1.419542971230076614e-14
-1.879910928337885103e-14
2.077018101675165855e-14
1.329309328480375845e-14
-1.643764242982709802e-14
-2.653438491820800559e-14
1.382846893492649695e-14
9.407954132023713994e-15
2.061069988463083463e-14
-6.277464874703786634e-15
1.993885137998902843e-14
0.000000000000000000e+00
-2.095378119012100579e-14
-1.341914027310728654e-14
2.353126337596894510e-15
2.754038859858434066e-15
-2.800714914143140871e-15
4.891509793339886123e-15
1.254658382590766311e-14
1.154412779634851482e-14
0.000000000000000000e+00
-5.792214574217538795e-16
-4.671948133161771133e-16
-6.287755693345345343e-16
7.414835964270040322e-16
-6.487981468736379821e-16
-6.287755693345376898e-16
2.803168879897056763e-15
-5.792214574217480617e-16
0.000000000000000000e+00
-1.038971501671399482e-14
-1.075421470792116693e-14
-2.445754896669945428e-15
-5.601429828286203645e-15
-5.508077719716954119e-15
7.059379012791405734e-15
0.000000000000000000e+00
2.514453742814687996e-14
-1.775718836573995037e-14
-1.993885137998990880e-14
6.277464874703977538e-15
-1.648855990770753537e-14
-4.703977066012335047e-15
-1.843795857990388499e-14
1.895313208443659949e-14
1.095842828655148861e-14
0.000000000000000000e+00
6.923393672251318310e-15
-6.266369761125908180e-15
-2.365904952049761763e-14
-1.828568911542443329e-14
-1.210753498457766875e-14
4.013210001650307966e-14
0.000000000000000000e+00
1.764446365921997956e-14
-9.765728575798151014e-15
0.000000000000000000e+00
-9.088942382716824431e-15
-1.061972024237869615e-14
-8.085981568512420746e-15
1.284200778146106210e-14
-1.143661317647563029e-14
-8.097237641009035376e-15
-2.160715034727693026e-14
1.667079803022702450e-14
3.547565389826415713e-15
1.803830824274333930e-14
1.575190611837089368e-15
1.154412779634882090e-15
-4.461003451674283002e-15
2.411256673752290917e-15
4.476681920530163883e-15
3.610752485069455354e-15
1.619900886024017770e-15
0.000000000000000000e+00
2.387782596652316149e-16
0.000000000000000000e+00
-2.407168323379644528e-15
-5.968909227373476902e-15
0.000000000000000000e+00
-1.487001150558111886e-15
-5.772063898174490913e-15
-1.575190611837090354e-15
-1.443064659419519082e-14
-5.321348084739838337e-15
-6.062108374628552721e-15
1.512500524309392912e-14
8.097237641009272034e-15
1.143661317647692402e-14
-1.027360622516971711e-14
0.000000000000000000e+00
1.061972024237905587e-14
9.088942382716898584e-15
-5.937491793648620370e-15
4.882864287899465204e-15
3.528892731844791793e-15
-2.568468282437366591e-14
-8.918244448112895152e-15
1.614337997943755326e-14
6.095229705140698369e-15
1.976723532910478937e-14
-2.181454801890066455e-14
-2.410211741724423447e-14
0.000000000000000000e+00
7.629732855216146024e-15
2.639239609179149147e-15
6.418653053231166108e-15
-1.965082919038299908e-14
8.610138880220629530e-15
2.185317243736060909e-15
5.552998048079676355e-15
7.727104954972363411e-15
-7.294491137886943495e-15
9.343123423128575440e-15
8.191726540696053908e-15
-9.587518941470479555e-15
-6.824979999461727782e-15
1.702840590181003710e-15
1.247944548000418540e-15
1.607504449168202359e-15
-6.951038750880639023e-15
3.629554468349427639e-15
1.951683812689504010e-15
4.377871927841838603e-16
-1.290637110779679187e-16
1.290637110779686090e-16
8.755743855683814270e-16
-3.252806354482502475e-15
-3.226270638532826540e-15
5.213279063160543954e-15
8.037522245841249441e-16
2.495889096000951860e-15
-5.108521770542902069e-15
4.874985713901428302e-15
9.587518941470998625e-15
-1.146841715697454489e-14
-4.671561711564533844e-15
1.021228759304185689e-14
-6.181683963978187656e-15
-2.776499024040043676e-15
-4.370634487471899360e-15
5.740092586814930790e-15
2.620110558718171186e-14
-9.627979579847170808e-15
5.278479218358717968e-15
-1.525946571043152212e-14
-1.388294957042489052e-14
1.446127045034602508e-14
8.725819207560287910e-15
-6.589078443035455172e-15
3.669910754677896311e-14
-1.215012398197595653e-14
-1.789886054918994380e-14
2.147887732109188343e-15
1.062388572208672399e-14
2.449955353165934017e-15
5.958359470881638982e-15
4.560389857683587222e-15
2.664213971645305528e-15
1.420024288366135674e-14
-1.288685982009325732e-14
8.607560370226994448e-15
1.354275484486443281e-15
1.084130777583419068e-15
1.520858053223314829e-15
2.669978039304257427e-15
-2.715224098562447357e-15
-5.532543503780091223e-15
-2.896107287108787443e-15
2.984454613686779472e-15
1.613135319266425103e-15
1.497445412506581608e-15
3.019544607118993705e-15
-8.127792785941602297e-16
-5.990404832419316729e-17
2.396161932967740497e-16
4.063896392970807065e-16
-3.925407989254669610e-15
-7.487227062532920861e-16
-1.613135319266452910e-15
-5.222795573951960021e-15
4.054550201952464215e-15
7.903633576828795284e-15
2.715224098562511254e-15
-1.779985359536277588e-15
6.083432212893738154e-15
-2.168261555166897300e-15
6.771377422432946100e-15
-5.738373580151679360e-15
1.675291776612239966e-14
-2.231466738861011766e-14
2.664213971645458567e-15
-1.520129952561324982e-15
-5.958359470882011324e-15
-4.899910706332171745e-15
-1.062388572208721940e-14
8.591550928437752070e-15
3.579772109838515719e-14
-8.100082654651093120e-15
-2.140781273562185330e-14
-9.867038954560253121e-15
-8.166565055698503787e-15
-3.609240603596068331e-15
-6.929772380804273825e-15
0.000000000000000000e+00
5.928335798970585798e-15
1.201456885274569991e-14
3.678318844258192669e-15
4.297833023149595907e-15
3.272409847383892185e-15
8.315525232956665388e-15
-1.157105595845417091e-15
-4.369293060559272295e-15
4.372242812968742049e-15
1.226672542656462285e-15
-5.742841934135552511e-15
7.300150703343020722e-16
5.737342651699530391e-15
-2.335974066580924221e-15
3.610752485069456143e-15
1.626403177241259126e-15
9.058633821356985848e-16
-4.870924611312939300e-16
1.638948193724634244e-16
1.932681685820525410e-16
-4.831704214551332013e-17
3.277896387449298071e-16
4.870924611312932397e-16
-3.019544607118999720e-16
-2.276964448137804113e-15
-3.008960404224611867e-15
2.335974066580987330e-15
-1.912447550566527354e-15
0.000000000000000000e+00
7.896407659436683583e-15
1.226672542656541369e-15
-8.744485625938100593e-16
5.461616325699066900e-15
1.157105595845436615e-15
-9.354965887076295104e-15
-1.636204923692027148e-15
-1.074458255787527758e-15
-7.356637688516850766e-15
-7.208741311648196502e-15
-7.904447731961421093e-15
-5.712597328867968296e-15
6.929772380805415307e-15
1.804620301797952518e-15
9.799878066841621575e-15
-4.933519477280228324e-15
6.639806594682824206e-15
-5.495702814160371191e-15
4.857547007497322964e-15
2.331652476826211695e-15
3.844285164711640651e-15
3.989334439252084595e-15
-4.851113370195763169e-15
1.650186234597144302e-15
-6.507336102632142939e-15
3.303260039812329153e-15
4.196812199763561082e-15
5.450668620569380997e-15
7.350720830854309842e-16
-1.176881810107515012e-15
-2.476473657681999203e-15
4.347609882517262721e-15
0.000000000000000000e+00
4.289930553876735015e-16
-6.287755693345267443e-16
8.099504430120056308e-16
4.377871927841845505e-16
-4.063896392970794246e-16
0.000000000000000000e+00
5.514470488640744698e-16
-2.601172012124951224e-16
1.950879009093717978e-16
-2.205788195456316910e-16
3.277896387449267996e-16
-2.031948196485388002e-16
-1.532255174744667275e-15
8.099504430120289022e-16
0.000000000000000000e+00
1.286979166163013700e-15
-4.912546482999238873e-16
-4.347609882517522256e-15
2.063728048068453628e-15
5.884409050537950753e-16
-1.470144166170908906e-15
-4.672001674773935226e-15
-2.098406099881973023e-15
-1.101086679937535150e-15
0.000000000000000000e+00
-8.250931172986108054e-16
-8.085188950326469821e-16
-6.648890732086779786e-15
-1.922142582355914989e-15
1.165826238413275650e-15
-2.428773503748661876e-15
6.594843376993030921e-15
-1.659951648670624996e-15
0.000000000000000000e+00
3.564355677113689874e-15
1.432057821048233283e-15
3.436963512904374143e-16
8.499887825293316777e-16
-7.840704462319367193e-16
-1.191781153575227275e-15
-4.864901553021194429e-16
4.263185854268161526e-16
9.738181790754702517e-16
2.062118214072633851e-16
0.000000000000000000e+00
2.167047468385537035e-15
3.469589727989915548e-16
-2.433590895848555790e-16
8.544818644081818488e-16
0.000000000000000000e+00
8.852881215189677241e-16
2.780563486601297045e-16
0.000000000000000000e+00
1.935955666169499060e-16
5.990404832419289612e-17
9.663408429102627049e-17
-3.251465015156185948e-17
0.000000000000000000e+00
3.834224801498440412e-17
6.502930030312428595e-17
-1.449511264365394612e-16
-1.198080966483855211e-16
-1.935955666169535791e-16
1.193891298326175331e-16
-1.853708991067591678e-16
-1.138227584810101261e-15
-4.344792335563785297e-16
-5.696545762721534443e-16
0.000000000000000000e+00
-3.469589727990070362e-16
-8.668189873542461514e-16
-1.836454706884343400e-15
4.124236428145603460e-16
0.000000000000000000e+00
-8.526371708537483663e-16
9.729803106042909506e-16
1.430137384290303141e-15
3.920352231160351170e-16
-1.416647970882139196e-15
2.062178107743171363e-15
-1.432057821048285545e-15
-4.536452679963301496e-15
4.893737960538002439e-16
-1.468121388161119108e-15
-2.916291008548807257e-15
7.160289105242216588e-16
-3.436963512905337539e-16
0.000000000000000000e+00
1.568140892464094517e-15
-1.906849845719908783e-15
-4.864901553021374881e-16
-6.394778781401619828e-16
-1.947636358150909343e-15
8.248472856291137895e-16
1.377341030163440368e-15
0.000000000000000000e+00
5.204384591984695088e-16
2.433590895848604108e-16
0.000000000000000000e+00
-8.689584671127048961e-16
-6.323486582278368497e-16
-1.019539945087140738e-15
0.000000000000000000e+00
-5.162548443118722666e-16
5.990404832419315496e-17
0.000000000000000000e+00
1.300586006062479310e-16
9.585562003746108733e-18
2.875668601123840016e-17
-1.950879009093735728e-16
1.449511264365398310e-16
-2.396161932967716831e-16
6.453185553898489121e-16
-5.969456491630931873e-16
9.268544955337873095e-16
3.794091949367006997e-16
1.158611289483669111e-15
1.424136440680399881e-16
-7.300772687546326069e-16
1.734794863994960486e-16
-6.501142405156996265e-16
-1.147784191802888667e-15
-4.124236428145649312e-16
2.272242417842655124e-15
6.394778781403116692e-16
-2.432450776510698780e-16
9.534249228601121638e-16
-3.920352231160433507e-16
2.833295941765093680e-16
0.000000000000000000e+00
-2.148086731572587865e-15
6.480646685664834131e-16
0.000000000000000000e+00
-3.319903297341562776e-15
-2.198281125663356775e-15
0.000000000000000000e+00
3.497478715238507777e-15
-4.805356455889224028e-15
3.989334439253801946e-15
-6.468151160259441152e-15
6.600744938389711592e-15
-5.784298757894493133e-15
-1.101086679937491171e-15
4.896280899724695228e-15
-5.450668620569500115e-15
-5.145504581597497425e-15
-5.884409050537410383e-16
0.000000000000000000e+00
2.415338823620889436e-15
-9.825092965998266725e-16
-4.289930553876844469e-16
1.571938923336357290e-15
-1.619900886024027236e-15
0.000000000000000000e+00
-1.828753376836859629e-15
-1.638948193724649036e-16
-6.617364586368947280e-16
-3.251465015156214298e-17
-1.300586006062489417e-16
7.720258684097160709e-16
1.638948193724646817e-16
1.828753376836856080e-15
1.094467981960484401e-15
1.619900886024059974e-15
-2.200714492670965287e-15
0.000000000000000000e+00
1.965018593199726315e-15
-1.932271058896755488e-15
4.127456096136741595e-16
2.942204525268826775e-15
2.940288332341630457e-15
7.008002512161124509e-15
-2.797874799842736405e-15
4.404346719749711462e-15
4.338224068421276902e-15
-4.125465586493670621e-15
6.468151160259334656e-15
-2.659556292835768041e-15
0.000000000000000000e+00
1.165826238412936045e-15
-1.214386751874412783e-15
2.198281125663369003e-15
1.659951648670982350e-15
-4.933519477278884893e-15
4.899939033419896498e-15
-5.413860905392633243e-15
-3.464886190401593782e-15
5.712597328868884952e-15
-1.383278353093138132e-14
-2.402913770549259337e-15
-1.226106281419378689e-15
1.074458255787328571e-15
1.636204923691744539e-15
-6.236643924718050455e-15
-2.314211191690664971e-15
-4.369293060558778468e-15
3.497794250374921143e-15
-2.453345085312997146e-15
2.153565725300811583e-15
-1.460030140668589945e-15
1.274965033711046241e-15
4.671948133161747467e-16
0.000000000000000000e+00
-2.602245083585996537e-15
-1.811726764271394409e-15
-1.461277383393874493e-15
0.000000000000000000e+00
-1.449511264365395105e-16
0.000000000000000000e+00
0.000000000000000000e+00
1.704823613959517218e-15
3.019544607118970434e-15
3.578086989930790352e-15
-6.017920808449317411e-16
0.000000000000000000e+00
-6.374825168555270646e-16
2.920060281337284019e-15
-2.153565725300837221e-15
3.680017627969755845e-15
-3.497794250375284413e-15
5.461616325698784487e-15
0.000000000000000000e+00
1.039440654119776247e-15
-3.272409847383448846e-15
-6.446749534725002467e-15
1.226106281419382436e-15
0.000000000000000000e+00
1.580889546392086057e-14
1.428149332217118686e-15
1.732443095200666137e-14
5.413860905393119970e-15
1.469981710025633052e-14
4.933519477278691622e-15
-1.834955377338820991e-14
4.050041327324464243e-15
8.949430274593925869e-15
8.591550928436275322e-15
-3.541295240695569668e-15
7.349866059498243813e-15
-5.958359470880796478e-15
1.520129952561163463e-15
1.598528382987242403e-14
1.420024288366323580e-14
-6.443429910045342027e-15
-4.303780185113633697e-15
-8.125652906918284187e-15
0.000000000000000000e+00
4.562574159669789475e-15
-6.229948758376588567e-15
-2.715224098562336127e-15
2.371090073048554177e-15
-4.054550201952169181e-15
-2.984454613686781444e-15
-3.629554468349397662e-15
-7.487227062532890292e-16
-6.039089214237993524e-16
-1.625558557188304485e-15
1.198080966483856690e-16
-2.995202416209654297e-16
1.828753376836858841e-15
9.058633821356974015e-16
1.497445412506574706e-15
2.822986808716254235e-15
7.461136534217159700e-16
4.054550201952333264e-15
-5.532543503780023381e-15
6.335522896645579942e-15
8.899926797681249891e-16
-3.041716106446724321e-15
4.336523110333869543e-15
-1.354275484486494162e-15
1.434593395037893413e-15
5.154743928036864321e-15
-1.014303063118761289e-14
-2.131371177316614240e-14
-1.520129952561224008e-15
8.937539206322249030e-15
-1.224977676583078869e-14
0.000000000000000000e+00
4.295775464218599145e-15
0.000000000000000000e+00
-4.050041327325132408e-15
0.000000000000000000e+00
-1.317815688606725950e-14
0.000000000000000000e+00
-9.640846966898222008e-15
-1.388294957042447085e-14
-1.907433213803752910e-14
-3.958859413768579990e-14
-2.246528568630769180e-14
6.550276396795510796e-15
0.000000000000000000e+00
-6.555951731208192589e-15
1.388249512020053826e-14
4.636262972983994546e-15
-1.458898227577370910e-15
-7.007342567346615384e-15
-3.276690616278548964e-15
1.917503788294207219e-15
-2.924991428340703232e-15
8.514202950904974175e-16
1.247944548000458575e-15
-3.215008898336440612e-15
0.000000000000000000e+00
1.613135319266456460e-15
-2.602245083586040713e-15
-6.566807891762874261e-16
-2.581274221559376124e-16
8.389141220067959831e-16
1.094467981960488740e-15
2.602245083586037164e-15
0.000000000000000000e+00
-1.737759687720200777e-15
-8.037522245841388477e-16
-3.743833644001484390e-15
-3.405681180362053568e-15
0.000000000000000000e+00
-9.587518941471441965e-15
0.000000000000000000e+00
-2.335780855782359219e-15
-2.917796455154937063e-15
-3.090841981989553339e-15
0.000000000000000000e+00
1.311190346241686796e-14
1.435023146703413958e-14
-1.637569099198923887e-14
3.209326526615493124e-15
1.583543765507756754e-14
2.288919856564769181e-14
0.000000000000000000e+00
4.820423483449125203e-15
4.362909603779792912e-15
0.000000000000000000e+00
-1.828568911541860519e-14
-2.017922497429011714e-14
0.000000000000000000e+00
4.280780470729361888e-15
-2.470224912291368337e-14
-2.441432143949661368e-14
-2.078122127776308575e-14
-1.211858984361999868e-14
-1.858451042415853415e-14
-1.617196313702350989e-14
-1.797881089404500795e-14
2.001407305883610838e-14
5.398158427339381635e-15
-8.642860138909836199e-15
1.363974384291450138e-14
-1.596404425421885158e-14
1.803830824274435929e-15
-3.150381223674281288e-15
-1.269854057598351287e-14
-1.487001150558096306e-15
-4.018761122920561513e-15
-1.492227306843439434e-15
-1.805376242534790392e-15
-4.049752215060108026e-16
4.775565193304736821e-16
-2.387782596652368904e-16
1.214925664518039310e-15
6.017920808449301634e-16
2.238340960265145445e-15
2.411256673752401752e-15
-4.461003451674451818e-15
1.269854057598389468e-14
1.102633428285962419e-14
0.000000000000000000e+00
1.773782694913278657e-14
-4.546581280971729493e-15
0.000000000000000000e+00
8.097237641008898114e-15
-2.001407305883616833e-14
5.136803112584994241e-15
0.000000000000000000e+00
1.061972024237743871e-14
0.000000000000000000e+00
1.187498358729506191e-14
9.765728575798458670e-15
2.470224912291374647e-14
-4.280780470729615901e-15
-8.918244448111719749e-15
2.421506996915137111e-14
-6.095229705140704680e-15
1.419542971230071723e-14
-6.266369761126689152e-15
6.923393672250653300e-15
0.000000000000000000e+00
0.000000000000000000e+00
-1.516250566754749803e-14
-1.382846893492607412e-14
-4.703977066012160709e-15
-4.534353974618473502e-14
1.255492974940911944e-14
-1.993885137998975734e-14
-1.331789127430454231e-14
-6.286134357036113356e-15
-6.709570136553517052e-15
-7.059379012790883508e-15
0.000000000000000000e+00
-4.201072371214736748e-15
-2.445754896670016425e-15
-1.792369117986897706e-15
-4.617651118539633278e-15
0.000000000000000000e+00
1.158442914843551935e-15
-1.401584439948562500e-15
1.257551138669100820e-15
-3.707417982135137504e-16
5.561126973202717349e-16
-1.571938923336391408e-15
-9.343896266323798646e-16
2.316885829687056144e-15
-2.495889096000988936e-15
9.235302237079350176e-15
5.377107353960774370e-15
8.560142138344884531e-15
-4.201072371214943429e-15
0.000000000000000000e+00
9.412505350388584628e-15
0.000000000000000000e+00
4.190756238024344573e-15
4.439297091435318913e-15
2.392662165598806600e-14
-3.138732437352413176e-14
2.885497983848562468e-14
4.703977066012464420e-15
-1.382846893492891244e-14
1.895313208443725582e-14
1.095842828655169214e-14
0.000000000000000000e+00
-2.077018101675207823e-14
2.506547904450544079e-14
-4.731809904100001891e-15
-2.582687607181133629e-14
1.710079415700538617e-14
9.447158076147798744e-15
9.069320768579907073e-15
0.000000000000000000e+00
-3.103471163672202288e-14
6.289626156443927362e-15
-6.418653053231526617e-15
-2.249908632531635688e-14
-1.284830437026954524e-14
0.000000000000000000e+00
-1.211488350230009861e-14
-2.001407305883332843e-14
2.288860392798304014e-15
-1.284326672655152841e-14
-9.394901434399845879e-15
-3.821620956611874547e-15
-5.005830955857364164e-15
-1.345165193168409460e-14
-7.875953059185330680e-15
1.702840590180992666e-15
8.693996934511633003e-15
0.000000000000000000e+00
-1.286979166163019420e-15
-3.794091949367029184e-16
1.264697316455676312e-16
1.715972221550698542e-15
2.549930067422048699e-15
-5.532543503780020226e-15
8.514202950904960370e-16
7.875953059185491607e-15
1.100589703501463472e-14
6.674441274476435591e-15
5.732431434918012585e-15
9.394901434400156690e-15
1.284326672655225574e-14
-1.373316235679088589e-14
1.715491976471411833e-14
2.120104612902553900e-14
1.360362773552965477e-14
-4.282768123423370284e-15
1.124954316265952108e-14
6.418653053231878449e-15
-1.257925231288903328e-14
4.655206745508079396e-14
7.476360995814388132e-15
-4.081194345861896848e-14
-9.447158076147481622e-15
-8.550397078503060695e-15
-1.937015705386640502e-14
-2.218143061175977463e-14
-9.791513586031462230e-15
-6.490976845505754535e-14
3.115698047360160362e-14
-1.712312188291458241e-14
4.738516785714503310e-14
-2.881028225765343741e-14
-1.470053843791264952e-14
-6.441136724468899569e-15
-1.961770050271046293e-14
3.738715268170816195e-14
1.040499024987221187e-14
0.000000000000000000e+00
-1.310526234807722555e-14
-3.676876625948125334e-15
-1.506183518524182481e-14
4.376298679948487360e-15
-9.554052391529723049e-15
-1.120285965657230947e-14
-3.607661648548811905e-15
9.749971427802611663e-16
9.050746995208289990e-16
7.300150703343372751e-16
-1.473763944899793947e-15
-1.448264111854601426e-16
2.896528223709246240e-16
1.965018593199732231e-15
3.650075351671606109e-15
-1.810149399041678114e-15
-1.072496857058337750e-14
-3.607661648548964156e-15
4.201072371214801434e-15
1.146486286983595575e-14
-1.312889603984586282e-14
1.291014444449388456e-14
3.676876625948217631e-15
2.621052469615638776e-15
1.309660122555807140e-14
-3.468330083290926617e-15
-2.804036451128023478e-14
1.961770050270978451e-14
1.932341017340770529e-14
0.000000000000000000e+00
1.440514112882792408e-14
-3.553887589286172674e-14
8.561560941456966194e-15
-5.192830078934181626e-14
3.786403159878634281e-14
0.000000000000000000e+00
-7.393810203923006168e-15
-7.270590477593421631e-15
9.628416779597572234e-15
-2.659505103144317166e-14
5.106307963081203440e-15
8.418942860405327548e-15
-6.406875450822436601e-14
2.833036192557176122e-14
0.000000000000000000e+00
2.533521061719369047e-14
3.858185867542825877e-14
-2.450939085306517142e-14
3.069493815073217229e-14
-2.575683109414592148e-14
5.154743928036818567e-15
-3.615631055477229836e-15
4.231670622116137007e-15
4.303381481497926022e-15
-2.066878315567929206e-14
-2.754038859858476270e-15
-1.241647886439269027e-14
1.150502272976544605e-14
-8.899926797681456967e-16
1.435710483533924613e-15
-4.830677647241513814e-15
-7.120682203401861848e-16
7.120682203402021592e-16
2.415338823620808578e-15
-3.589276208834784316e-15
5.339956078608749935e-15
-5.752511364882752214e-15
1.951160964404584750e-14
8.262116579575685980e-15
2.066878315567955712e-14
-1.721352592599314612e-14
1.269501186634842522e-14
3.615631055477501993e-15
-2.061897571214971027e-14
2.897643498091473911e-14
0.000000000000000000e+00
0.000000000000000000e+00
-3.375912634099920499e-14
-3.800281592579536354e-14
-7.227800192389254175e-15
0.000000000000000000e+00
8.736648342031061223e-14
2.525682858121378646e-14
0.000000000000000000e+00
3.723307144402014119e-14
1.925683355919861230e-14
2.181177143277727827e-14
4.969744649618615534e-14
-4.935917635863922813e-14
-1.817871021033297965e-14
1.745163841511998891e-14
-3.596589379714473814e-14
1.990621857530267382e-14
-6.051393893181130505e-15
3.087772917492807746e-14
2.705869102436704179e-14
2.472328538270635724e-14
-2.094145833697646299e-14
-2.331203665244576370e-14
2.200687654150727317e-14
8.808693439500112388e-15
-6.178397930498266587e-15
1.446252422190943368e-14
0.000000000000000000e+00
6.421633363276433949e-15
9.412505350388772377e-15
1.667079803022889883e-14
-1.638345308139195951e-14
4.562574159670273047e-15
3.680017627969740857e-15
-1.650982438454683819e-15
7.300772687546362554e-16
-4.867181791697641103e-16
8.254912192273576868e-16
-3.680017627969795288e-15
-7.604290266116978435e-15
1.474510777325294910e-14
-1.363974384291470491e-14
0.000000000000000000e+00
0.000000000000000000e+00
-3.676876625948237352e-15
1.446252422190935480e-14
1.853519379149480134e-14
-2.202173359875191549e-14
-1.650515740613052351e-14
5.828009163111806169e-15
2.617682292122061660e-14
-4.120547563783996864e-15
-4.329390563899113039e-14
-4.940436667988821443e-14
4.841115114544878529e-14
-1.990621857530557683e-14
2.877271503771675607e-14
-3.490327683024746253e-14
2.726806531549771978e-14
2.467958817932405062e-14
-4.969744649618288630e-14
4.428273995217235472e-14
-2.345752938223873527e-14
-1.295853955207949436e-14
-5.598160906402845616e-14
1.025544812628584344e-14
-1.418986387923287999e-14
-8.627584304349971197e-15
1.760889070662137770e-14
2.314627036635934584e-14
0.000000000000000000e+00
-2.239177790738478405e-14
-8.309038615100906425e-15
1.176576652486141382e-14
1.255832992319985639e-14
1.321304015924971104e-14
-1.030948785607338312e-14
-5.242104939230865766e-15
6.866581178395417702e-15
1.341914027310813062e-14
0.000000000000000000e+00
-7.007342567346690326e-15
-9.757176998250454292e-15
8.744485625937915210e-16
0.000000000000000000e+00
-8.673974319975253064e-16
1.040876918397003901e-15
0.000000000000000000e+00
-8.744485625938392471e-16
8.673046220667060665e-15
2.335780855782387618e-15
-1.512500524309458861e-14
-6.709570136554029023e-15
-6.866581178395268607e-15
1.572631481769303669e-14
5.154743928036914019e-15
-8.808693439500336424e-15
-6.279164961600118313e-15
-3.921922174953876131e-15
-4.154519307550564442e-15
-7.463925969129591895e-15
1.174953141593023304e-14
-3.086169382181770126e-14
-6.163111747318202582e-14
8.627584304350297785e-15
-2.837972775847059096e-14
-1.025544812628601541e-14
6.220178784891420016e-14
0.000000000000000000e+00
2.345752938224368616e-14
-4.428273995216903519e-14
-6.638084937018765461e-14
1.465106478700061378e-14
-3.237512077509208102e-14
-4.662050953296417563e-14
0.000000000000000000e+00
-8.862901699860961096e-15
-4.310893956081411118e-14
2.749570810323880649e-14
4.818979893478963922e-14
-1.467700568006278369e-14
9.323831098420843732e-15
-3.632780171447260275e-14
-1.959653373855694845e-14
2.745345522467739797e-14
5.501719135376368642e-15
-1.287841554707322580e-14
6.548300612779269201e-15
-8.577459882357270580e-15
0.000000000000000000e+00
-2.699079213669654530e-15
1.604788050335204814e-14
-8.125652906918405671e-15
-2.184646530279560022e-15
-1.470144166170894509e-15
-8.668189873542369808e-16
6.501142405156572253e-16
2.940288332341713287e-15
2.184646530279588816e-15
-2.708550968972963870e-15
-1.458898227577389054e-15
0.000000000000000000e+00
8.381512476048523484e-15
5.718306588238361036e-15
9.822450919168706192e-15
9.658811660305451041e-15
0.000000000000000000e+00
-1.960961087477011272e-14
1.959653373855678436e-14
5.189685959210462788e-14
-4.661915549210768176e-15
-7.338502840030804931e-15
-3.855183914783558247e-14
1.649742486194311792e-14
0.000000000000000000e+00
3.545160679943872625e-14
-3.843209273732543847e-14
-3.108033968864674278e-14
2.428134058131845177e-14
-4.395319436100654609e-14
4.425389958013066928e-14
-3.515884661368778233e-14
-9.311984606294780696e-14
-1.714759476913621364e-14
0.000000000000000000e+00
2.714092124289573151e-14
9.388533119843053524e-15
-3.424919855826354511e-14
2.330111513567564472e-14
1.020955751646912548e-14
3.109490742281701589e-14
-3.950719528918420933e-14
-5.497470259699040613e-15
3.632780171447927336e-14
-8.309038615100063921e-15
-5.828009163111087516e-15
2.387384078390317932e-14
-1.040499024987202255e-14
-1.211488350230063188e-14
-1.997683691145699491e-14
2.001407305883611153e-14
-1.545420990994585016e-14
-5.738373580151364605e-15
2.314211191690930028e-15
-5.450668620569750973e-15
4.591136767211018244e-16
-2.295568383605563356e-16
6.229335566365380549e-15
2.314211191690841281e-15
2.869186790075788404e-15
1.236336792795716575e-14
-1.715491976471655749e-14
1.553753982002199075e-14
9.086162626726058854e-15
-6.936660166581735694e-15
-2.046329210048797917e-14
1.748402748933446083e-14
3.323615446040101930e-14
2.594842979605382855e-14
5.497470259698910451e-15
4.444559470033644959e-14
7.773726855703681261e-15
-1.020955751646938581e-14
-2.330111513567625057e-14
2.283279903884447334e-14
-9.388533119843713011e-15
-1.357046062144741611e-14
-4.115452371363013096e-14
8.573797384567759724e-15
6.207989737531168145e-14
-5.859807768949951651e-14
-2.105522595659670763e-14
4.182528977940078374e-14
3.080714728033599733e-14
0.000000000000000000e+00
4.876183764112826277e-14
-3.373445168403974272e-14
6.153268875773466227e-14
-5.232839773936135486e-14
0.000000000000000000e+00
-2.094967241586095159e-14
2.661668767105267122e-14
-1.975359764459381176e-14
-2.797149329525904916e-14
-2.985570387651244166e-14
-6.805973959516300656e-14
-1.838204313979959249e-14
6.231192113617614154e-15
-1.088290218842365061e-14
-1.196331082799554919e-14
5.136803112584849090e-15
1.943549316828088199e-14
6.443429910046489031e-15
-3.118321962359255180e-15
-3.497343499803226052e-15
6.186354642218342328e-16
-2.062118214072759329e-16
6.994686999606775931e-16
1.039440654119738776e-15
-3.866057946027764203e-15
-1.388249512020111097e-14
0.000000000000000000e+00
1.196331082799544822e-14
1.360362773552901421e-14
-9.346788170426843272e-15
1.225469542653339351e-14
7.329510417941166930e-14
7.463925969129099646e-15
1.398574664763096031e-14
2.963039646689003448e-14
-8.872229223683906618e-15
3.491612069310122732e-14
2.751353874798300535e-14
1.046567954787434347e-14
-3.076634437886731220e-14
1.686722584202149326e-14
-4.876183764112351698e-14
5.915048163136569728e-14
-3.080714728033335307e-14
-4.182528977940636256e-14
2.105522595659785936e-14
-6.628925310079147317e-14
-4.389203289330542312e-14
-3.637168125744364650e-14
-1.629458473702568001e-13
2.878400084920484928e-14
2.655203545557288171e-14
0.000000000000000000e+00
4.942374505165408847e-14
-1.443696241438294804e-14
-1.099243682029381655e-14
-2.094967241586111568e-14
1.554745371140804094e-14
-1.467700568006181181e-14
1.762429712389553810e-14
-2.472328538270244449e-14
4.822732334428047197e-15
-2.942655075406468938e-14
1.284830437027041141e-14
1.255492974940770895e-14
-8.085981568512253507e-15
1.092658621868111747e-14
-6.085818378712405701e-15
1.636204923691827764e-15
0.000000000000000000e+00
-3.246060596918288078e-16
0.000000000000000000e+00
1.101086679937505174e-15
-1.636204923691841569e-15
-4.057212252475050993e-15
-1.092658621868150085e-14
-4.042990784256080211e-15
-2.510985949881836193e-14
-1.284830437026989076e-14
9.808850251355804176e-15
-1.929092933771287983e-14
3.708492807405425522e-14
-3.524859424779298210e-14
-7.338502840031147296e-15
1.554745371140774433e-14
6.284901724758011901e-14
4.396974728117221172e-14
1.443696241438340242e-14
-4.942374505165974303e-14
-8.071689989716613572e-15
5.310407091114463376e-14
0.000000000000000000e+00
1.629458473702833058e-13
1.212389375248259496e-14
3.291902466998179995e-14
3.314462655039237288e-14
0.000000000000000000e+00
-1.441144578610930832e-14
-4.776774560868861184e-14
-4.585755813961266374e-14
2.520230301334636332e-14
-3.487114910391434557e-14
3.180285121145499107e-14
-2.163658948502637725e-14
9.480193438008728214e-15
-2.165544362157485277e-14
-9.171179582661346252e-15
-7.146690261526830153e-14
-9.637959786958324483e-15
3.857711727727538772e-14
3.247042922924199884e-14
1.266760530859763725e-14
-3.864682034681044392e-14
0.000000000000000000e+00
-1.236641993078178276e-14
2.654930060594759235e-15
1.435023146703815015e-14
1.065685588658274619e-14
0.000000000000000000e+00
-2.892149378947729349e-15
-6.394778781402905671e-16
2.131592927134324570e-16
1.446074689473787366e-15
-5.372291278937787097e-15
-2.131371177316613294e-14
-1.148018517362993415e-14
1.592958036356665899e-14
4.122139976927047926e-15
1.687431474399010362e-14
2.576454689787653860e-14
-1.900140796289642906e-14
-4.329390563899261344e-14
-5.400796418818898729e-14
0.000000000000000000e+00
3.062867254940644717e-14
-2.751353874798622074e-14
2.887392482876613589e-14
-9.480193438009152621e-15
-3.245488422754449309e-14
-7.420665282675075611e-14
0.000000000000000000e+00
-1.260115150667240542e-14
9.171511627922318177e-14
4.776774560868669964e-14
7.205722893055804949e-14
2.176468320791407615e-14
-8.692858890364236658e-14
1.644546366275121115e-13
3.634001454783477106e-14
-8.721685122482892861e-14
1.437968074312349323e-14
-4.974148335830528304e-14
7.258302495605215164e-14
-7.407144010348490630e-14
-1.081829474251260013e-14
-6.589832673552845581e-14
-1.046567954787434189e-14
0.000000000000000000e+00
5.499141620647329950e-15
-8.804445353309649131e-15
1.235109166996953399e-14
-7.227800192388422715e-15
-2.205080765686814440e-14
1.925595915969689121e-14
-4.703977066012222240e-15
3.029647460905150341e-15
3.275138198397855347e-14
-6.080519810244703551e-15
-4.904425125677611787e-15
-4.125465586492703477e-15
1.216225388255379564e-15
-9.729803106042682708e-16
2.475279351896045310e-15
2.452212562838802344e-15
3.040259905122335209e-15
-2.947624378558200700e-14
-9.088942382715999282e-15
4.703977066012593793e-15
-2.567461221292879806e-14
7.350269218956933760e-15
-7.227800192388997006e-15
-3.087772917492953528e-14
-8.804445353310234466e-15
-3.849399134453528708e-14
2.330111513567259025e-14
2.093135909574904350e-14
4.118645420970789917e-14
3.245488422753892058e-14
7.407144010348902099e-14
1.209717082600755914e-14
4.974148335830621074e-14
0.000000000000000000e+00
8.721685122484866906e-14
-3.634001454783729541e-14
-9.867278197650248580e-14
4.967347937351297553e-14
-3.650674010011935509e-14
-9.668908404708129213e-14
7.121985508156561051e-14
-3.418571519708975855e-14
-1.409062234291633964e-14
9.748468125939102584e-15
-1.422479415825302188e-13
2.419434165201704940e-14
0.000000000000000000e+00
-3.228675995886853688e-14
1.025544812628785662e-14
2.283279903884834823e-14
4.310893956082265612e-14
-2.588275291304974004e-14
4.841115114545955798e-14
4.249554288836556988e-14
-5.041799395088558584e-14
1.886887846933611135e-14
9.218979289952235951e-15
-2.671871307141545794e-14
9.627979579848235770e-15
-5.958359470881643715e-15
-4.805827541098661458e-15
-4.042594475162650562e-15
3.336987230011188731e-15
-7.150686921451529509e-16
0.000000000000000000e+00
4.805827541098584939e-15
0.000000000000000000e+00
0.000000000000000000e+00
2.078122127776615284e-14
-1.382846893492754298e-14
-2.515850462577993143e-14
4.321542338647712058e-14
-2.833036192557495137e-14
-2.420557557273012609e-14
0.000000000000000000e+00
-1.077723489020500454e-14
-2.283279903884878999e-14
-2.051089625257721207e-14
7.264520990744030194e-14
-2.120190080764307047e-14
3.629151247802266163e-14
1.659559318462670715e-13
4.874234062969567543e-14
0.000000000000000000e+00
0.000000000000000000e+00
-1.068297826223481318e-13
4.834454202355059202e-14
7.301348020023318185e-14
1.000715948639229010e-13
-3.975765903819223789e-14
2.928414541980742723e-14
-2.811315485290355520e-14
6.952693058654201895e-14
-9.620015311493192259e-14
8.773621313346189288e-14
-3.979318668664575619e-14
3.487114910392131279e-14
-1.327601772778966729e-14
0.000000000000000000e+00
2.816559935953557085e-14
-2.658870509958599929e-14
7.094931939616992987e-15
2.985932786295747383e-14
-5.824432228020907747e-14
1.776943794642809289e-14
-2.068980775781290961e-14
-1.137187925066123489e-14
-4.882864287899708174e-15
-1.319619804589657562e-14
-2.449955353166240489e-15
-9.880559664951286878e-15
0.000000000000000000e+00
7.840704462321010981e-16
-3.920352231160279186e-16
0.000000000000000000e+00
1.778500739691095197e-14
0.000000000000000000e+00
2.111391687343415874e-14
1.464859286369670666e-14
1.137187925066214839e-14
1.551735581836001116e-14
-2.961572991071574745e-14
7.571761896426182194e-14
-3.981243715061367801e-14
-1.418986387923520871e-14
8.862901699861798866e-15
9.388533119843716167e-15
3.373445168404526475e-14
5.310407091115469332e-14
8.717787275980661097e-15
4.974148335830700591e-14
-5.849080875564474132e-14
4.810007655748019235e-14
-1.158782176442236557e-14
5.622630970580577881e-14
-5.856829083962155663e-14
6.626276506366744968e-14
-8.005727589112824609e-14
-1.157196780772877756e-13
0.000000000000000000e+00
0.000000000000000000e+00
6.095388057008708576e-14
3.349851856723714023e-14
4.635128705768409173e-14
9.863435640043772619e-14
-1.437968074312285899e-14
-2.520230301334221075e-14
9.594666949733218999e-15
-1.219045941027863099e-14
0.000000000000000000e+00
-5.124279031642618923e-14
4.102179250515015166e-14
-1.438635751885769962e-14
8.418942860405092468e-15
3.424624376583230764e-14
-2.242908298744375762e-14
0.000000000000000000e+00
-1.411557092737812588e-14
-3.814866427608200807e-15
-3.541295240695417023e-15
0.000000000000000000e+00
9.610712911779582832e-16
-5.666591883529363987e-16
5.666591883529377792e-16
-4.805356455890288990e-15
0.000000000000000000e+00
7.082590481391609497e-15
1.144459928282359031e-14
1.764446365922317602e-14
5.479214143275958088e-15
0.000000000000000000e+00
0.000000000000000000e+00
0.000000000000000000e+00
2.877271503771659199e-14
-4.102179250515174832e-14
0.000000000000000000e+00
-1.357046062144567903e-14
-1.219045941027958394e-14
4.797333474866674660e-14
-3.780345452002248900e-14
-1.437968074312445249e-14
-2.818124468583637746e-14
-3.476346529326903417e-14
8.374629641807939892e-14
-4.063592038006627395e-14
-8.465770992029234359e-14
0.000000000000000000e+00
8.678975855796007618e-14
-1.052802000030611676e-13
-2.323683550248518870e-14
-1.797148655294123537e-13
-1.232342040648818305e-14
-8.127184076009357186e-14
-1.405657742645194011e-14
1.709285759854824298e-14
0.000000000000000000e+00
-3.057170542641268341e-14
-3.491696729364562242e-14
0.000000000000000000e+00
-1.646180948544658842e-14
-2.331025476647905543e-14
-7.464214541868005886e-14
1.047098304907628096e-13
-3.574415574157456063e-14
0.000000000000000000e+00
2.720796230573848271e-14
6.646546642402775369e-15
-1.712312188291631790e-14
-1.388294957042482110e-14
0.000000000000000000e+00
1.732443095201127424e-15
-1.165826238413102495e-15
2.062178107743241966e-15
-3.436963512905411988e-16
-2.331652476826149375e-15
-3.464886190402329000e-15
1.073943866054731985e-14
9.255299713617967353e-15
8.561560941459345399e-15
0.000000000000000000e+00
-3.174262269002927480e-14
-1.557849023680317471e-14
2.042523185232761264e-14
-3.490327683025249861e-14
1.057430393431268533e-13
2.331025476648290507e-14
-2.469271422817579593e-14
1.478762040784194812e-14
8.147292368518054059e-14
3.057170542641554855e-14
-3.488674048995104810e-14
-3.418571519709961616e-14
2.811315485290477636e-14
8.127184076009079507e-14
1.232342040649030982e-14
1.412045372016923504e-13
-4.647367100498126367e-14
7.018680000203702554e-14
-1.827757801088712245e-14
0.000000000000000000e+00
1.337148946647254769e-14
-1.026942088739604448e-13
0.000000000000000000e+00
5.856829083961678560e-14
3.560992754076977327e-14
0.000000000000000000e+00
-1.592258186956005911e-14
-2.424778750496777738e-14
1.540357364016718140e-14
5.144278430741185318e-14
-2.428134058131583590e-14
-2.591707910415283561e-14
-1.817871021033511588e-14
-3.191406123773094014e-14
-3.786403159878863366e-14
0.000000000000000000e+00
6.923393672250364577e-15
8.918244448114640112e-15
0.000000000000000000e+00
2.908564839244125461e-14
-3.609240603595576870e-15
-1.214386751874293665e-15
7.160289105241166417e-16
3.580144552620851421e-16
1.214386751874223653e-15
5.413860905392997697e-15
-2.013621811784157479e-14
0.000000000000000000e+00
-4.459122224057099964e-15
-2.077018101675299331e-14
-1.417073711422265185e-14
2.163658948502011685e-14
5.319010206288522629e-14
3.635742042066387670e-14
1.295853955207828425e-14
2.428134058131470310e-14
-1.714759476913692678e-14
-3.080714728033600364e-14
1.212389375248434307e-14
3.184516373912689612e-14
-1.817000727391734135e-14
-7.121985508155235764e-14
0.000000000000000000e+00
2.116442748006176101e-14
1.283677610924684883e-13
-1.337148946647051716e-14
2.420493072094474546e-14
3.655515602177321623e-14
4.962906755468564888e-14
1.533505955165409691e-13
-4.840986144189695670e-14
1.161841775124577914e-13
-9.577708842970774788e-14
3.975765903820681604e-14
9.668908404714912155e-14
0.000000000000000000e+00
-8.646867471665315515e-14
4.389203289331513558e-14
-1.394176325979945713e-14
0.000000000000000000e+00
-1.465106478700134899e-14
-7.037258814670749994e-14
-4.935917635863233033e-14
9.628416779598853344e-15
3.916605434413758086e-14
0.000000000000000000e+00
-1.253273952225012820e-14
-1.210753498457561298e-14
1.745163841511966705e-14
4.050041327325549715e-15
1.633313011140398387e-15
3.297421688495226067e-15
-1.620161671416154200e-15
0.000000000000000000e+00
1.099140562831653539e-15
9.799878066839565803e-15
1.215012398197447978e-14
-1.308872881134233144e-14
2.421506996915185073e-14
1.253273952225216188e-14
8.550397078503433038e-15
-2.937454075810498740e-14
0.000000000000000000e+00
8.226529393108014243e-15
5.864382345560213774e-14
1.465106478700031085e-14
-1.551997434382943498e-14
-1.394176325979966224e-14
1.097300822332783884e-14
4.323433735833733133e-14
-6.578185465098118889e-14
-9.668908404715257991e-14
1.325255301273656618e-14
3.831083537189344522e-14
-1.394210130149642635e-13
2.420493072094844679e-14
-8.762891172373879831e-14
-8.271511259114941243e-14
0.000000000000000000e+00
-1.654302251822069888e-14
-5.483273403265348191e-14
-5.264010000153332904e-14
-1.157196780772588465e-13
-4.002863794553439877e-14
-7.301348020022026978e-14
-1.117653285903601087e-13
-1.088234160395567650e-14
3.314462655039492879e-14
-4.211045191318818984e-14
-1.171961553789572707e-14
1.106347489503337572e-14
6.199583593301848275e-14
0.000000000000000000e+00
5.089413334317156984e-14
3.696905101960628553e-14
1.937015705386271316e-14
4.731809904099837808e-15
-1.219045941028036491e-14
-6.589078443035162505e-15
-9.174776886695487039e-15
-7.400279215920098727e-15
-4.979854946011660221e-15
9.787475921075271237e-16
-4.893737960537029182e-16
-1.659951648670981956e-15
2.466759738640035670e-15
0.000000000000000000e+00
3.294539221517894430e-15
-1.828568911542495394e-14
-1.419542971230095231e-14
-1.937015705386335687e-14
-2.957524081569081298e-14
-5.089413334316915277e-14
0.000000000000000000e+00
-2.656964397129330910e-14
-1.106347489503422769e-14
0.000000000000000000e+00
3.158283893489227676e-14
4.971693982557948742e-14
3.264702481187054309e-14
1.117653285903776655e-13
2.433782673341294547e-14
4.002863794554034993e-14
1.157196780772587203e-13
0.000000000000000000e+00
3.655515602177856155e-14
-1.654302251822466528e-14
0.000000000000000000e+00
