4.601757517193021951e-01
4.603592272608209579e-01
4.603592272607455738e-01
4.603592272607392455e-01
4.603592272608043046e-01
4.603592272612050951e-01
4.603592272609046687e-01
4.603592272608706959e-01
4.603592272609092206e-01
4.603592272608458824e-01
4.603592272607717750e-01
4.603592272608886260e-01
4.603592272607535674e-01
4.603592272610045333e-01
4.603592272606903957e-01
4.603592272608029723e-01
4.603592272608150737e-01
4.603592272607812119e-01
4.603592272609274838e-01
4.603592272608649227e-01
4.603592272608864056e-01
4.603592272608549862e-01
4.603592272607765490e-01
4.603592272607643365e-01
4.603592272610208536e-01
4.603592272610047553e-01
4.603592272607881508e-01
4.603592272607578417e-01
4.603592272608077463e-01
4.603592272606985558e-01
4.603592272609033365e-01
4.603592272609535185e-01
4.603592272606557567e-01
4.603592272608043601e-01
4.603592272608749147e-01
4.603592272607646696e-01
4.603592272610343983e-01
4.603592272608376113e-01
4.603592272609411395e-01
4.603592272608786340e-01
4.603592272608774127e-01
4.603592272608540426e-01
4.603592272608412750e-01
4.603592272608188485e-01
4.603592272611990999e-01
4.603592272607765490e-01
4.603592272607103797e-01
4.603592272607469615e-01
4.603592272608678648e-01
4.601757517193021951e-01
4.666979810629533487e-01
4.666979810632463366e-01
4.666979810631833314e-01
4.666979810630678682e-01
4.666979810629652281e-01
4.666979810628403835e-01
4.666979810629219294e-01
4.666979810630150216e-01
4.666979810630312864e-01
4.666979810630113024e-01
4.666979810629842684e-01
4.666979810630096370e-01
4.666979810629988124e-01
4.666979810628922309e-01
4.666979810632613801e-01
4.666979810629766634e-01
4.666979810628775760e-01
4.666979810630448311e-01
4.666979810631426417e-01
4.666979810630803582e-01
4.666979810632347903e-01
4.666979810631666226e-01
4.666979810630200176e-01
4.666979810633070103e-01
4.666979810629736658e-01
4.666979810629926506e-01
4.666979810631828318e-01
4.666979810629697245e-01
4.666979810631515790e-01
4.666979810631594061e-01
4.666979810630559888e-01
4.666979810631313175e-01
4.666979810630282888e-01
4.666979810629246495e-01
4.666979810629633407e-01
4.666979810630949022e-01
4.666979810628941183e-01
4.666979810629831582e-01
4.666979810630712544e-01
4.666979810629681147e-01
4.666979810630757508e-01
4.666979810629980352e-01
4.666979810631081693e-01
4.666979810628842928e-01
4.666979810628413827e-01
4.666979810630413894e-01
4.666979810631144976e-01
4.666979810632098657e-01
4.666979810632618242e-01
4.666979810630265124e-01
4.614334925383135055e-01
4.614334925384470099e-01
4.614334925383311581e-01
4.614334925383211106e-01
4.614334925384211417e-01
4.614334925384723785e-01
4.614334925383461461e-01
4.614334925383553054e-01
4.614334925383015706e-01
4.614334925382398422e-01
4.614334925383772323e-01
4.614334925383437036e-01
4.614334925384021568e-01
4.614334925383610786e-01
4.614334925384515063e-01
4.614334925383000163e-01
4.614334925383791752e-01
4.614334925384512842e-01
4.614334925383903885e-01
4.614334925381692876e-01
4.614334925384842023e-01
4.614334925384025454e-01
4.614334925383348218e-01
4.614334925383948849e-01
4.614334925384031005e-01
4.614334925384688812e-01
4.614334925383722918e-01
4.614334925382929664e-01
4.614334925382985175e-01
4.614334925383836716e-01
4.614334925381963215e-01
4.614334925383655750e-01
4.614334925383410946e-01
4.614334925383052899e-01
4.614334925382240216e-01
4.614334925383590247e-01
4.614334925384294128e-01
4.614334925383380415e-01
4.614334925383466457e-01
4.614334925384229180e-01
4.614334925381706753e-01
4.614334925382854724e-01
4.614334925383348218e-01
4.614334925383613006e-01
4.614334925385197295e-01
4.614334925384434016e-01
4.614334925382516106e-01
4.614334925384133146e-01
4.614334925383986041e-01
4.614334925384476205e-01
4.629548385596936599e-01
4.629548385597589411e-01
4.629548385596871096e-01
4.629548385597784810e-01
4.629548385597999083e-01
4.629548385596138349e-01
4.629548385597684890e-01
4.629548385595585458e-01
4.629548385596500282e-01
4.629548385596258808e-01
4.629548385596979898e-01
4.629548385595455562e-01
4.629548385597609395e-01
4.629548385597247462e-01
4.629548385596684024e-01
4.629548385594913218e-01
4.629548385596849447e-01
4.629548385597430094e-01
4.629548385596840010e-01
4.629548385596333193e-01
4.629548385596555238e-01
4.629548385597329063e-01
4.629548385596238269e-01
4.629548385597044291e-01
4.629548385596755633e-01
4.629548385597385685e-01
4.629548385596644056e-01
4.629548385595972926e-01
4.629548385597179738e-01
4.629548385596316540e-01
4.629548385596923277e-01
4.629548385596731763e-01
4.629548385597613835e-01
4.629548385596948257e-01
4.629548385595186888e-01
4.629548385597149762e-01
4.629548385598263871e-01
4.629548385597144766e-01
4.629548385595804172e-01
4.629548385596972682e-01
4.629548385595709803e-01
4.629548385596183313e-01
4.629548385596070070e-01
4.629548385597980209e-01
4.629548385596442550e-01
4.629548385598008520e-01
4.629548385598052374e-01
4.629548385597143101e-01
4.629548385597551663e-01
4.629548385597015425e-01
4.659313813900824441e-01
4.659313813898914858e-01
4.659313813899738088e-01
4.659313813899615409e-01
4.659313813901040935e-01
4.659313813900612944e-01
4.659313813900793355e-01
4.659313813900320955e-01
4.659313813899612633e-01
4.659313813903149248e-01
4.659313813900451962e-01
4.659313813900933798e-01
4.659313813899678691e-01
4.659313813899834678e-01
4.659313813899352841e-01
4.659313813900780588e-01
4.659313813900176071e-01
4.659313813899729206e-01
4.659313813899572110e-01
4.659313813899862433e-01
4.659313813899013668e-01
4.659313813900852752e-01
4.659313813900171075e-01
4.659313813899801371e-01
4.659313813900384793e-01
4.659313813901078127e-01
4.659313813899766399e-01
4.659313813900176071e-01
4.659313813901015955e-01
4.659313813899410017e-01
4.659313813899510492e-01
4.659313813899680912e-01
4.659313813899443879e-01
4.659313813900237689e-01
4.659313813901477253e-01
4.659313813899135237e-01
4.659313813900429202e-01
4.659313813899413348e-01
4.659313813900517465e-01
4.659313813899804146e-01
4.659313813902398183e-01
4.659313813900149426e-01
4.659313813900701207e-01
4.659313813900000101e-01
4.659313813901380108e-01
4.659313813900540224e-01
4.659313813900329282e-01
4.659313813900563539e-01
4.659313813898402490e-01
4.659313813899175760e-01
4.599724849538466831e-01
4.599724849536926952e-01
4.599724849538373017e-01
4.599724849536575566e-01
4.599724849538350258e-01
4.599724849538183169e-01
4.599724849538088800e-01
4.599724849538052163e-01
4.599724849536619975e-01
4.599724849536976357e-01
4.599724849538314175e-01
4.599724849537475402e-01
4.599724849536355742e-01
4.599724849537080162e-01
4.599724849536349636e-01
4.599724849535886118e-01
4.599724849536840909e-01
4.599724849537534799e-01
4.599724849537927818e-01
4.599724849537394911e-01
4.599724849537453197e-01
4.599724849537660254e-01
4.599724849536766524e-01
4.599724849538397997e-01
4.599724849537517035e-01
4.599724849537505933e-01
4.599724849537634164e-01
4.599724849535847815e-01
4.599724849537486504e-01
4.599724849537600302e-01
4.599724849537599192e-01
4.599724849537819016e-01
4.599724849537438209e-01
4.599724849536853677e-01
4.599724849536094839e-01
4.599724849536036553e-01
4.599724849537285554e-01
4.599724849536855897e-01
4.599724849536945825e-01
4.599724849537805693e-01
4.599724849537092375e-01
4.599724849536446780e-01
4.599724849538974758e-01
4.599724849538462390e-01
4.599724849538384674e-01
4.599724849538215921e-01
4.599724849537447646e-01
4.599724849538772697e-01
4.599724849537422666e-01
4.599724849538510685e-01
4.659313813900275436e-01
4.659313813899347845e-01
4.659313813899833567e-01
4.659313813899991774e-01
4.659313813900246015e-01
4.659313813900189394e-01
4.659313813900387014e-01
4.659313813899755297e-01
4.659313813899506607e-01
4.659313813900252677e-01
4.659313813900836099e-01
4.659313813898769419e-01
4.659313813899897960e-01
4.659313813900261558e-01
4.659313813899620405e-01
4.659313813900092804e-01
4.659313813900795576e-01
4.659313813900149981e-01
4.659313813900436974e-01
4.659313813900011758e-01
4.659313813900414214e-01
4.659313813900129997e-01
4.659313813899692014e-01
4.659313813900695100e-01
4.659313813900618495e-01
4.659313813899711998e-01
4.659313813900280432e-01
4.659313813900167744e-01
4.659313813899556567e-01
4.659313813899720880e-01
4.659313813900046175e-01
4.659313813900781698e-01
4.659313813900767265e-01
4.659313813899842449e-01
4.659313813899816914e-01
4.659313813900111123e-01
4.659313813900557433e-01
4.659313813899452761e-01
4.659313813898722789e-01
4.659313813900557433e-01
4.659313813900239909e-01
4.659313813899378931e-01
4.659313813899830237e-01
4.659313813900122780e-01
4.659313813900500811e-01
4.659313813900222145e-01
4.659313813899569334e-01
4.659313813900583523e-01
4.659313813898959267e-01
4.659313813900184953e-01
4.629548385596704008e-01
4.629548385596173876e-01
4.629548385596473636e-01
4.629548385596528037e-01
4.629548385596605198e-01
4.629548385596650717e-01
4.629548385596929938e-01
4.629548385596644611e-01
4.629548385596612414e-01
4.629548385597122562e-01
4.629548385596979343e-01
4.629548385596436444e-01
4.629548385596131688e-01
4.629548385597753168e-01
4.629548385596534699e-01
4.629548385596732318e-01
4.629548385596679028e-01
4.629548385596662374e-01
4.629548385596362614e-01
4.629548385597528903e-01
4.629548385596058413e-01
4.629548385596808924e-01
4.629548385595946280e-01
4.629548385597634375e-01
4.629548385596535809e-01
4.629548385596527482e-01
4.629548385598261095e-01
4.629548385596429227e-01
4.629548385596455873e-01
4.629548385596242155e-01
4.629548385596732873e-01
4.629548385596619631e-01
4.629548385596289894e-01
4.629548385596716220e-01
4.629548385596027882e-01
4.629548385596918836e-01
4.629548385597188620e-01
4.629548385596438664e-01
4.629548385596509719e-01
4.629548385596501392e-01
4.629548385596808924e-01
4.629548385596606863e-01
4.629548385596733984e-01
4.629548385597030413e-01
4.629548385596975457e-01
4.629548385596172211e-01
4.629548385596634619e-01
4.629548385596357063e-01
4.629548385596349291e-01
4.629548385597333504e-01
4.614334925382704289e-01
4.614334925383207220e-01
4.614334925384342978e-01
4.614334925383157815e-01
4.614334925383558605e-01
4.614334925384100394e-01
4.614334925383045127e-01
4.614334925383015706e-01
4.614334925383941077e-01
4.614334925383630770e-01
4.614334925383425934e-01
4.614334925383958841e-01
4.614334925383812291e-01
4.614334925382850283e-01
4.614334925383380415e-01
4.614334925383551944e-01
4.614334925382965191e-01
4.614334925383302699e-01
4.614334925382287400e-01
4.614334925383805630e-01
4.614334925382877484e-01
4.614334925383865582e-01
4.614334925383954400e-01
4.614334925383687946e-01
4.614334925383377639e-01
4.614334925383437036e-01
4.614334925383895003e-01
4.614334925384546704e-01
4.614334925384080965e-01
4.614334925383251074e-01
4.614334925383506425e-01
4.614334925381684549e-01
4.614334925382754804e-01
4.614334925383741792e-01
4.614334925382790886e-01
4.614334925384001029e-01
4.614334925382782004e-01
4.614334925384265818e-01
4.614334925383906105e-01
4.614334925383897223e-01
4.614334925383574149e-01
4.614334925384094288e-01
4.614334925382249653e-01
4.614334925383088981e-01
4.614334925384280806e-01
4.614334925383437036e-01
4.614334925382909125e-01
4.614334925383867803e-01
4.614334925383165031e-01
4.614334925382619912e-01
4.666979810629492409e-01
4.666979810630971781e-01
4.666979810631060599e-01
4.666979810629944270e-01
4.666979810630034198e-01
4.666979810630438874e-01
4.666979810630483283e-01
4.666979810629820480e-01
4.666979810630358383e-01
4.666979810630901282e-01
4.666979810629998671e-01
4.666979810629917069e-01
4.666979810630458858e-01
4.666979810630368930e-01
4.666979810630556003e-01
4.666979810630755843e-01
4.666979810629951486e-01
4.666979810629793834e-01
4.666979810630412784e-01
4.666979810629868219e-01
4.666979810630060843e-01
4.666979810629869885e-01
4.666979810630305647e-01
4.666979810630048076e-01
4.666979810629978687e-01
4.666979810629358627e-01
4.666979810630461079e-01
4.666979810630632053e-01
4.666979810630434988e-01
4.666979810630069170e-01
4.666979810630169645e-01
4.666979810630421666e-01
4.666979810629963143e-01
4.666979810629940939e-01
4.666979810630424441e-01
4.666979810629925951e-01
4.666979810630139669e-01
4.666979810630288994e-01
4.666979810630832448e-01
4.666979810629703351e-01
4.666979810630700887e-01
4.666979810630115244e-01
4.666979810630119685e-01
4.666979810630513259e-01
4.666979810630522141e-01
4.666979810630139114e-01
4.666979810629954262e-01
4.666979810630721426e-01
4.666979810630894621e-01
4.666979810629947600e-01
4.603592272608494906e-01
4.603592272608782454e-01
4.603592272608855174e-01
4.603592272608797997e-01
4.603592272608796332e-01
4.603592272609173808e-01
4.603592272608989511e-01
4.603592272608855174e-01
4.603592272608503788e-01
4.603592272608613700e-01
4.603592272608891256e-01
4.603592272609445257e-01
4.603592272608534319e-01
4.603592272608863500e-01
4.603592272608835745e-01
4.603592272608738600e-01
4.603592272609205449e-01
4.603592272609004499e-01
4.603592272608711955e-01
4.603592272608946767e-01
4.603592272609107194e-01
4.603592272609752789e-01
4.603592272608439950e-01
4.603592272609369207e-01
4.603592272608685865e-01
4.603592272608870717e-01
4.603592272609347558e-01
4.603592272608527103e-01
4.603592272609352554e-01
4.603592272609302039e-01
4.603592272609155489e-01
4.603592272608358904e-01
4.603592272609060010e-01
4.603592272609218217e-01
4.603592272608836300e-01
4.603592272608452163e-01
4.603592272608996172e-01
4.603592272608595382e-01
4.603592272608806324e-01
4.603592272608470481e-01
4.603592272608627023e-01
4.603592272608815206e-01
4.603592272609084990e-01
4.603592272609119962e-01
4.603592272609176028e-01
4.603592272608699743e-01
4.603592272609012270e-01
4.603592272608741376e-01
4.603592272608905134e-01
4.603592272608612035e-01
4.645785705747740302e-01
4.645785705747741967e-01
4.645785705747986216e-01
4.645785705747605410e-01
4.645785705748384231e-01
4.645785705748122774e-01
4.645785705748305960e-01
4.645785705748020633e-01
4.645785705748136096e-01
4.645785705747820793e-01
4.645785705748294858e-01
4.645785705747790262e-01
4.645785705747816352e-01
4.645785705747675354e-01
4.645785705748136651e-01
4.645785705747942917e-01
4.645785705748410321e-01
4.645785705747724759e-01
4.645785705747924044e-01
4.645785705747944583e-01
4.645785705747742522e-01
4.645785705748295413e-01
4.645785705748057270e-01
4.645785705747604299e-01
4.645785705748241567e-01
4.645785705747871308e-01
4.645785705747640937e-01
4.645785705748020633e-01
4.645785705748640138e-01
4.645785705747909056e-01
4.645785705747967342e-01
4.645785705748161631e-01
4.645785705748024519e-01
4.645785705748235461e-01
4.645785705748136651e-01
4.645785705748418093e-01
4.645785705748183836e-01
4.645785705747838557e-01
4.645785705747959016e-01
4.645785705747548233e-01
4.645785705748291528e-01
4.645785705747769168e-01
4.645785705747938477e-01
4.645785705748551875e-01
4.645785705748063377e-01
4.645785705748404770e-01
4.645785705747653149e-01
4.645785705748114447e-01
4.645785705747803584e-01
4.645785705748060046e-01
4.645785705748011751e-01
4.645785705747910166e-01
4.645785705748390337e-01
4.645785705748186611e-01
4.645785705747982886e-01
4.645785705748153305e-01
4.645785705748065042e-01
4.645785705747714767e-01
4.645785705748565197e-01
4.645785705748413097e-01
4.645785705747920713e-01
4.645785705747719763e-01
4.645785705747512706e-01
4.645785705748069483e-01
4.645785705748013417e-01
4.645785705747608185e-01
4.645785705748091132e-01
4.645785705747870198e-01
4.645785705748308181e-01
4.645785705747985661e-01
4.645785705748222694e-01
4.645785705747798588e-01
4.645785705748288197e-01
4.645785705747763616e-01
4.645785705748383121e-01
4.645785705748239347e-01
4.645785705747448868e-01
4.645785705748122774e-01
4.645785705747855210e-01
4.645785705748436412e-01
4.645785705747950689e-01
4.645785705748276539e-01
4.645785705747929595e-01
4.645785705748112226e-01
4.645785705747472738e-01
4.645785705748056715e-01
4.645785705747653149e-01
4.645785705747202399e-01
4.645785705748081140e-01
4.645785705747904615e-01
4.645785705748572969e-01
4.645785705748540217e-01
4.645785705747857430e-01
4.645785705748284311e-01
4.645785705748213257e-01
4.645785705748181615e-01
4.645785705748235461e-01
4.645785705748107230e-01
4.645785705748086691e-01
4.645785705747836891e-01
4.603592272609043912e-01
4.603592272608713065e-01
4.603592272608782454e-01
4.603592272609141611e-01
4.603592272609108305e-01
4.603592272608773572e-01
4.603592272608850178e-01
4.603592272608754143e-01
4.603592272608695857e-01
4.603592272608796332e-01
4.603592272608641456e-01
4.603592272608914571e-01
4.603592272608711955e-01
4.603592272608774127e-01
4.603592272609185465e-01
4.603592272608929004e-01
4.603592272609025593e-01
4.603592272608853508e-01
4.603592272608842406e-01
4.603592272609228209e-01
4.603592272608585945e-01
4.603592272609123293e-01
4.603592272608751923e-01
4.603592272608987290e-01
4.603592272609089431e-01
4.603592272608755254e-01
4.603592272609054459e-01
4.603592272608758584e-01
4.603592272608960645e-01
4.603592272608563185e-01
4.603592272609053349e-01
4.603592272608763580e-01
4.603592272608902913e-01
4.603592272608972857e-01
4.603592272608842406e-01
4.603592272608960645e-01
4.603592272608926228e-01
4.603592272608922342e-01
4.603592272609172142e-01
4.603592272608781344e-01
4.603592272608699743e-01
4.603592272609031144e-01
4.603592272608865166e-01
4.603592272608907354e-01
4.603592272608523217e-01
4.603592272609263181e-01
4.603592272609288716e-01
4.603592272608746372e-01
4.603592272608522662e-01
4.603592272609103309e-01
4.666979810630247361e-01
4.666979810630204617e-01
4.666979810630158543e-01
4.666979810630413339e-01
4.666979810629891534e-01
4.666979810630108583e-01
4.666979810630340619e-01
4.666979810630177972e-01
4.666979810630239589e-01
4.666979810629952041e-01
4.666979810630074166e-01
4.666979810630119130e-01
4.666979810630369485e-01
4.666979810630169645e-01
4.666979810630421666e-01
4.666979810630193515e-01
4.666979810630186298e-01
4.666979810630130232e-01
4.666979810630152992e-01
4.666979810630166314e-01
4.666979810630643710e-01
4.666979810630150216e-01
4.666979810630204617e-01
4.666979810630362824e-01
4.666979810630261793e-01
4.666979810630175751e-01
4.666979810630502712e-01
4.666979810630067504e-01
4.666979810630222936e-01
4.666979810630222381e-01
4.666979810630259018e-01
4.666979810629899861e-01
4.666979810630104142e-01
4.666979810630226266e-01
4.666979810630309533e-01
4.666979810630321190e-01
4.666979810630166314e-01
4.666979810630350611e-01
4.666979810630115244e-01
4.666979810630177417e-01
4.666979810629847125e-01
4.666979810630085268e-01
4.666979810630186298e-01
4.666979810630448311e-01
4.666979810630200176e-01
4.666979810629749426e-01
4.666979810630678682e-01
4.666979810630039749e-01
4.666979810630082492e-01
4.666979810630120795e-01
4.614334925383533625e-01
4.614334925383433705e-01
4.614334925383498098e-01
4.614334925383190011e-01
4.614334925383511421e-01
4.614334925383523633e-01
4.614334925383385411e-01
4.614334925383144492e-01
4.614334925383551944e-01
4.614334925383704600e-01
4.614334925383331565e-01
4.614334925383360986e-01
4.614334925383574149e-01
4.614334925383519748e-01
4.614334925383594688e-01
4.614334925383511976e-01
4.614334925383474229e-01
4.614334925383619668e-01
4.614334925383899999e-01
4.614334925383365982e-01
4.614334925383490882e-01
4.614334925383311026e-01
4.614334925383691277e-01
4.614334925383543062e-01
4.614334925383395403e-01
4.614334925383341002e-01
4.614334925383633546e-01
4.614334925383671848e-01
4.614334925383362096e-01
4.614334925383499764e-01
4.614334925383489217e-01
4.614334925383868358e-01
4.614334925383438701e-01
4.614334925383493657e-01
4.614334925383664632e-01
4.614334925383370978e-01
4.614334925383324348e-01
4.614334925383553054e-01
4.614334925383513641e-01
4.614334925383447028e-01
4.614334925383689057e-01
4.614334925383537511e-01
4.614334925383217212e-01
4.614334925383461461e-01
4.614334925383320463e-01
4.614334925383385411e-01
4.614334925383117292e-01
4.614334925383453134e-01
4.614334925383451469e-01
4.614334925383535291e-01
4.629548385596877202e-01
4.629548385597052618e-01
4.629548385596861104e-01
4.629548385596798377e-01
4.629548385596856663e-01
4.629548385596679028e-01
4.629548385596774507e-01
4.629548385596639615e-01
4.629548385596666260e-01
4.629548385596835569e-01
4.629548385596866655e-01
4.629548385596853333e-01
4.629548385596690130e-01
4.629548385596803928e-01
4.629548385596862214e-01
4.629548385596927162e-01
4.629548385596840010e-01
4.629548385596630733e-01
4.629548385597129223e-01
4.629548385596705673e-01
4.629548385596744531e-01
4.629548385596927162e-01
4.629548385596836679e-01
4.629548385596680138e-01
4.629548385596658489e-01
4.629548385596767290e-01
4.629548385596813365e-01
4.629548385596902738e-01
4.629548385596905513e-01
4.629548385596695681e-01
4.629548385596887750e-01
4.629548385596988780e-01
4.629548385596690685e-01
4.629548385596773397e-01
4.629548385596749527e-01
4.629548385596831683e-01
4.629548385596765625e-01
4.629548385596609084e-01
4.629548385596771731e-01
4.629548385596983784e-01
4.629548385596745641e-01
4.629548385596908289e-01
4.629548385596677362e-01
4.629548385596840010e-01
4.629548385596740645e-01
4.629548385596915505e-01
4.629548385596859439e-01
4.629548385596916060e-01
4.629548385597048177e-01
4.629548385596866655e-01
4.659313813900294310e-01
4.659313813900224366e-01
4.659313813900249901e-01
4.659313813900285428e-01
4.659313813900075041e-01
4.659313813900171630e-01
4.659313813900320400e-01
4.659313813900314294e-01
4.659313813900268220e-01
4.659313813900347045e-01
4.659313813900255452e-01
4.659313813900293755e-01
4.659313813900130552e-01
4.659313813900324841e-01
4.659313813900129997e-01
4.659313813900149981e-01
4.659313813900127776e-01
4.659313813900121115e-01
4.659313813900206602e-01
4.659313813900141099e-01
4.659313813900228252e-01
4.659313813900280432e-01
4.659313813900062828e-01
4.659313813900254342e-01
4.659313813899988443e-01
4.659313813900020085e-01
4.659313813900179957e-01
4.659313813900118895e-01
4.659313813900154422e-01
4.659313813900228252e-01
4.659313813900246015e-01
4.659313813900262113e-01
4.659313813900126111e-01
4.659313813900039514e-01
4.659313813900087253e-01
4.659313813900335943e-01
4.659313813900312073e-01
4.659313813900200496e-01
4.659313813900246570e-01
4.659313813900255452e-01
4.659313813900246015e-01
4.659313813900329282e-01
4.659313813900292089e-01
4.659313813900342605e-01
4.659313813900140544e-01
4.659313813900108348e-01
4.659313813900325396e-01
4.659313813900226586e-01
4.659313813900131662e-01
4.659313813900208823e-01
4.599724849537649707e-01
4.599724849537761284e-01
4.599724849537718541e-01
4.599724849537744631e-01
4.599724849537793481e-01
4.599724849537797366e-01
4.599724849537571991e-01
4.599724849537679128e-01
4.599724849537611959e-01
4.599724849537695781e-01
4.599724849537635274e-01
4.599724849537640270e-01
4.599724849537804583e-01
4.599724849537785709e-01
4.599724849537688565e-01
4.599724849537649152e-01
4.599724849537645821e-01
4.599724849537591420e-01
4.599724849537593641e-01
4.599724849537502047e-01
4.599724849537589755e-01
4.599724849537681348e-01
4.599724849537667470e-01
4.599724849537731863e-01
4.599724849537598637e-01
4.599724849537681348e-01
4.599724849537715765e-01
4.599724849537656368e-01
4.599724849537634164e-01
4.599724849537649707e-01
4.599724849537607518e-01
4.599724849537573101e-01
4.599724849537548677e-01
4.599724849537620286e-01
4.599724849537619176e-01
4.599724849537697446e-01
4.599724849537701887e-01
4.599724849537750737e-01
4.599724849537644156e-01
4.599724849537711879e-01
4.599724849537640270e-01
4.599724849537636939e-01
4.599724849537722426e-01
4.599724849537564775e-01
4.599724849537760729e-01
4.599724849537734084e-01
4.599724849537787374e-01
4.599724849537717986e-01
4.599724849537750737e-01
4.599724849537672466e-01
4.659313813900292089e-01
4.659313813900166634e-01
4.659313813900179402e-01
4.659313813900249901e-01
4.659313813900193280e-01
4.659313813900161638e-01
4.659313813900208823e-01
4.659313813900287649e-01
4.659313813900166634e-01
4.659313813900211043e-01
4.659313813900167189e-01
4.659313813900342605e-01
4.659313813900226586e-01
4.659313813900314294e-01
4.659313813900125001e-01
4.659313813900182732e-01
4.659313813900097245e-01
4.659313813900211043e-01
4.659313813900119450e-01
4.659313813900248791e-01
4.659313813900216039e-01
4.659313813900139989e-01
4.659313813900140544e-01
4.659313813900224921e-01
4.659313813900246015e-01
4.659313813900234913e-01
4.659313813900248236e-01
4.659313813900171075e-01
4.659313813900078927e-01
4.659313813900223811e-01
4.659313813900223811e-01
4.659313813900075041e-01
4.659313813900202716e-01
4.659313813900101131e-01
4.659313813900195500e-01
4.659313813900197165e-01
4.659313813900314294e-01
4.659313813900241574e-01
4.659313813900269885e-01
4.659313813900172185e-01
4.659313813900149426e-01
4.659313813900242129e-01
4.659313813900311518e-01
4.659313813900216039e-01
4.659313813900179402e-01
4.659313813900214929e-01
4.659313813900130552e-01
4.659313813900246015e-01
4.659313813900197720e-01
4.659313813900259338e-01
4.629548385596775617e-01
4.629548385596874427e-01
4.629548385596872762e-01
4.629548385596849447e-01
4.629548385596854998e-01
4.629548385596805593e-01
4.629548385596818361e-01
4.629548385596916615e-01
4.629548385596841120e-01
4.629548385596791715e-01
4.629548385596785054e-01
4.629548385596854443e-01
4.629548385596844451e-01
4.629548385596786719e-01
4.629548385596853333e-01
4.629548385596912730e-01
4.629548385596853888e-01
4.629548385596818916e-01
4.629548385596833349e-01
4.629548385596795046e-01
4.629548385596878868e-01
4.629548385596800042e-01
4.629548385596802262e-01
4.629548385596808924e-01
4.629548385596863325e-01
4.629548385596878313e-01
4.629548385596858884e-01
4.629548385596805038e-01
4.629548385596828908e-01
4.629548385596863325e-01
4.629548385596847226e-01
4.629548385596853333e-01
4.629548385596805038e-01
4.629548385596866655e-01
4.629548385596889415e-01
4.629548385596825022e-01
4.629548385596818916e-01
4.629548385596862770e-01
4.629548385596800042e-01
4.629548385596795601e-01
4.629548385596822802e-01
4.629548385596852222e-01
4.629548385596894966e-01
4.629548385596806703e-01
4.629548385596800597e-01
4.629548385596836679e-01
4.629548385596835569e-01
4.629548385596841120e-01
4.629548385596849447e-01
4.629548385596793381e-01
4.614334925383447028e-01
4.614334925383533625e-01
4.614334925383556940e-01
4.614334925383498098e-01
4.614334925383497543e-01
4.614334925383536956e-01
4.614334925383529185e-01
4.614334925383533070e-01
4.614334925383546393e-01
4.614334925383511421e-01
4.614334925383509201e-01
4.614334925383511976e-01
4.614334925383515307e-01
4.614334925383500874e-01
4.614334925383512531e-01
4.614334925383493102e-01
4.614334925383520303e-01
4.614334925383555830e-01
4.614334925383550834e-01
4.614334925383488661e-01
4.614334925383536956e-01
4.614334925383502539e-01
4.614334925383493102e-01
4.614334925383514752e-01
4.614334925383529185e-01
4.614334925383550834e-01
4.614334925383474229e-01
4.614334925383465347e-01
4.614334925383511421e-01
4.614334925383515307e-01
4.614334925383490882e-01
4.614334925383555275e-01
4.614334925383546948e-01
4.614334925383535846e-01
4.614334925383483665e-01
4.614334925383512531e-01
4.614334925383515862e-01
4.614334925383529185e-01
4.614334925383501429e-01
4.614334925383514752e-01
4.614334925383510866e-01
4.614334925383555830e-01
4.614334925383549169e-01
4.614334925383523633e-01
4.614334925383537511e-01
4.614334925383506980e-01
4.614334925383533070e-01
4.614334925383583030e-01
4.614334925383506980e-01
4.614334925383475894e-01
4.666979810630237924e-01
4.666979810630220160e-01
4.666979810630190739e-01
4.666979810630217385e-01
4.666979810630204062e-01
4.666979810630185188e-01
4.666979810630190739e-01
4.666979810630196290e-01
4.666979810630195180e-01
4.666979810630208503e-01
4.666979810630187964e-01
4.666979810630208503e-01
4.666979810630214054e-01
4.666979810630194070e-01
4.666979810630212944e-01
4.666979810630226821e-01
4.666979810630209058e-01
4.666979810630194070e-01
4.666979810630213499e-01
4.666979810630183523e-01
4.666979810630209613e-01
4.666979810630182413e-01
4.666979810630208503e-01
4.666979810630199621e-01
4.666979810630187409e-01
4.666979810630195180e-01
4.666979810630199621e-01
4.666979810630210168e-01
4.666979810630186853e-01
4.666979810630215164e-01
4.666979810630195180e-01
4.666979810630209058e-01
4.666979810630206282e-01
4.666979810630202397e-01
4.666979810630222381e-01
4.666979810630213499e-01
4.666979810630195180e-01
4.666979810630214054e-01
4.666979810630197401e-01
4.666979810630181857e-01
4.666979810630202397e-01
4.666979810630191849e-01
4.666979810630177972e-01
4.666979810630206282e-01
4.666979810630187409e-01
4.666979810630196290e-01
4.666979810630212944e-01
4.666979810630197401e-01
4.666979810630222381e-01
4.666979810630204617e-01
4.603592272608991731e-01
4.603592272608991176e-01
4.603592272608991176e-01
4.603592272608986735e-01
4.603592272608989511e-01
4.603592272608991176e-01
4.603592272608996172e-01
4.603592272608994507e-01
4.603592272609000613e-01
4.603592272608993952e-01
4.603592272608989511e-01
4.603592272608989511e-01
4.603592272608996727e-01
4.603592272609000613e-01
4.603592272608996727e-01
4.603592272608991176e-01
4.603592272608996172e-01
4.603592272608991176e-01
4.603592272608992841e-01
4.603592272608988956e-01
4.603592272608991731e-01
4.603592272609000613e-01
4.603592272608994507e-01
4.603592272608987290e-01
4.603592272609005054e-01
4.603592272609003389e-01
4.603592272608989511e-01
4.603592272608996727e-01
4.603592272608996172e-01
4.603592272608987290e-01
4.603592272608994507e-01
4.603592272608994507e-01
4.603592272608995617e-01
4.603592272608991176e-01
4.603592272608987290e-01
4.603592272608996727e-01
4.603592272608996727e-01
4.603592272609001168e-01
4.603592272608993952e-01
4.603592272608996727e-01
4.603592272608996727e-01
4.603592272608998393e-01
4.603592272608993952e-01
4.603592272608991176e-01
4.603592272608989511e-01
4.603592272608991176e-01
4.603592272608987290e-01
4.603592272608992841e-01
4.603592272608993952e-01
4.603592272608998948e-01
4.645785705748103345e-01
4.645785705748100569e-01
4.645785705748098904e-01
4.645785705748098904e-01
4.645785705748100569e-01
4.645785705748101124e-01
4.645785705748096683e-01
4.645785705748098904e-01
4.645785705748096683e-01
4.645785705748096683e-01
4.645785705748097238e-01
4.645785705748098904e-01
4.645785705748096128e-01
4.645785705748096683e-01
4.645785705748098904e-01
4.645785705748096683e-01
4.645785705748100569e-01
4.645785705748096683e-01
4.645785705748096128e-01
4.645785705748098904e-01
4.645785705748096683e-01
4.645785705748101124e-01
4.645785705748101124e-01
4.645785705748101124e-01
4.645785705748101124e-01
4.645785705748101124e-01
4.645785705748100014e-01
4.645785705748100569e-01
4.645785705748100569e-01
4.645785705748098904e-01
4.645785705748100014e-01
4.645785705748096683e-01
4.645785705748096683e-01
4.645785705748100569e-01
4.645785705748098904e-01
4.645785705748100569e-01
4.645785705748102790e-01
4.645785705748100014e-01
4.645785705748098904e-01
4.645785705748100569e-01
4.645785705748098904e-01
4.645785705748100014e-01
4.645785705748097238e-01
4.645785705748098904e-01
4.645785705748102790e-01
4.645785705748098904e-01
4.645785705748100014e-01
4.645785705748096683e-01
4.645785705748100014e-01
4.645785705748104455e-01
4.645785705748098904e-01
4.645785705748096683e-01
4.645785705748101679e-01
4.645785705748101679e-01
4.645785705748100014e-01
4.645785705748101679e-01
4.645785705748100014e-01
4.645785705748093908e-01
4.645785705748096128e-01
4.645785705748092242e-01
4.645785705748096128e-01
4.645785705748096683e-01
4.645785705748096683e-01
4.645785705748100014e-01
4.645785705748098904e-01
4.645785705748098904e-01
4.645785705748096683e-01
4.645785705748097238e-01
4.645785705748096683e-01
4.645785705748100569e-01
4.645785705748100014e-01
4.645785705748100569e-01
4.645785705748101124e-01
4.645785705748100014e-01
4.645785705748100569e-01
4.645785705748100569e-01
4.645785705748100569e-01
4.645785705748101124e-01
4.645785705748100569e-01
4.645785705748096683e-01
4.645785705748100569e-01
4.645785705748096683e-01
4.645785705748097238e-01
4.645785705748097238e-01
4.645785705748098904e-01
4.645785705748100569e-01
4.645785705748100569e-01
4.645785705748100014e-01
4.645785705748100014e-01
4.645785705748097238e-01
4.645785705748095573e-01
4.645785705748096683e-01
4.645785705748096683e-01
4.645785705748103345e-01
4.645785705748103345e-01
4.645785705748100569e-01
4.645785705748102790e-01
4.645785705748103345e-01
4.645785705748100569e-01
4.645785705748100569e-01
4.603592272608996172e-01
4.603592272608993952e-01
4.603592272609000613e-01
4.603592272609005609e-01
4.603592272608998393e-01
4.603592272609000613e-01
4.603592272608986180e-01
4.603592272608996172e-01
4.603592272608985070e-01
4.603592272608989511e-01
4.603592272608994507e-01
4.603592272608977853e-01
4.603592272608987290e-01
4.603592272608993952e-01
4.603592272608991176e-01
4.603592272608996727e-01
4.603592272608994507e-01
4.603592272608998393e-01
4.603592272608996172e-01
4.603592272608991176e-01
4.603592272608993952e-01
4.603592272608987290e-01
4.603592272608998393e-01
4.603592272608987290e-01
4.603592272608996172e-01
4.603592272608996727e-01
4.603592272608987290e-01
4.603592272609000613e-01
4.603592272608989511e-01
4.603592272608991731e-01
4.603592272608989511e-01
4.603592272609000613e-01
4.603592272608996727e-01
4.603592272608993952e-01
4.603592272609000613e-01
4.603592272608989511e-01
4.603592272608991731e-01
4.603592272608993952e-01
4.603592272608980629e-01
4.603592272608996727e-01
4.603592272608987290e-01
4.603592272608989511e-01
4.603592272609000613e-01
4.603592272608989511e-01
4.603592272609000613e-01
4.603592272609001168e-01
4.603592272609004499e-01
4.603592272608998393e-01
4.603592272608996727e-01
4.603592272608994507e-01
4.666979810630214054e-01
4.666979810630209058e-01
4.666979810630210723e-01
4.666979810630195180e-01
4.666979810630204062e-01
4.666979810630195735e-01
4.666979810630224601e-01
4.666979810630200176e-01
4.666979810630209613e-01
4.666979810630214054e-01
4.666979810630170200e-01
4.666979810630206837e-01
4.666979810630200731e-01
4.666979810630208503e-01
4.666979810630214054e-01
4.666979810630197956e-01
4.666979810630209058e-01
4.666979810630222381e-01
4.666979810630189629e-01
4.666979810630206282e-01
4.666979810630202397e-01
4.666979810630204062e-01
4.666979810630206282e-01
4.666979810630210723e-01
4.666979810630199621e-01
4.666979810630204062e-01
4.666979810630202397e-01
4.666979810630200176e-01
4.666979810630189629e-01
4.666979810630186853e-01
4.666979810630206282e-01
4.666979810630192405e-01
4.666979810630212944e-01
4.666979810630210723e-01
4.666979810630200176e-01
4.666979810630200176e-01
4.666979810630208503e-01
4.666979810630197401e-01
4.666979810630202397e-01
4.666979810630173531e-01
4.666979810630214054e-01
4.666979810630216829e-01
4.666979810630200176e-01
4.666979810630226821e-01
4.666979810630191294e-01
4.666979810630202397e-01
4.666979810630190739e-01
4.666979810630202397e-01
4.666979810630187964e-01
4.666979810630210723e-01
4.614334925383511976e-01
4.614334925383511421e-01
4.614334925383546393e-01
4.614334925383512531e-01
4.614334925383506980e-01
4.614334925383533070e-01
4.614334925383483665e-01
4.614334925383526409e-01
4.614334925383573038e-01
4.614334925383537511e-01
4.614334925383542507e-01
4.614334925383490882e-01
4.614334925383501429e-01
4.614334925383511421e-01
4.614334925383524744e-01
4.614334925383528629e-01
4.614334925383524744e-01
4.614334925383512531e-01
4.614334925383498098e-01
4.614334925383490882e-01
4.614334925383502539e-01
4.614334925383541952e-01
4.614334925383502539e-01
4.614334925383483665e-01
4.614334925383514752e-01
4.614334925383519748e-01
4.614334925383490882e-01
4.614334925383496988e-01
4.614334925383541952e-01
4.614334925383483665e-01
4.614334925383514752e-01
4.614334925383515307e-01
4.614334925383525299e-01
4.614334925383497543e-01
4.614334925383535291e-01
4.614334925383528629e-01
4.614334925383499764e-01
4.614334925383529185e-01
4.614334925383502539e-01
4.614334925383529185e-01
4.614334925383535846e-01
4.614334925383560826e-01
4.614334925383520303e-01
4.614334925383477559e-01
4.614334925383543062e-01
4.614334925383503649e-01
4.614334925383488661e-01
4.614334925383524744e-01
4.614334925383519193e-01
4.614334925383547503e-01
4.629548385596797822e-01
4.629548385596822802e-01
4.629548385596785054e-01
4.629548385596774507e-01
4.629548385596789495e-01
4.629548385596742310e-01
4.629548385596765070e-01
4.629548385596822802e-01
4.629548385596840010e-01
4.629548385596831683e-01
4.629548385596836679e-01
4.629548385596845006e-01
4.629548385596827798e-01
4.629548385596808924e-01
4.629548385596818916e-01
4.629548385596771731e-01
4.629548385596740645e-01
4.629548385596822802e-01
4.629548385596825022e-01
4.629548385596782833e-01
4.629548385596809479e-01
4.629548385596832238e-01
4.629548385596774507e-01
4.629548385596800042e-01
4.629548385596791160e-01
4.629548385596756188e-01
4.629548385596806703e-01
4.629548385596763405e-01
4.629548385596795601e-01
4.629548385596836679e-01
4.629548385596835569e-01
4.629548385596822802e-01
4.629548385596826687e-01
4.629548385596778393e-01
4.629548385596824467e-01
4.629548385596831683e-01
4.629548385596832238e-01
4.629548385596831128e-01
4.629548385596821691e-01
4.629548385596812254e-01
4.629548385596811699e-01
4.629548385596791160e-01
4.629548385596853333e-01
4.629548385596831128e-01
4.629548385596790605e-01
4.629548385596757853e-01
4.629548385596777837e-01
4.629548385596803928e-01
4.629548385596808924e-01
4.629548385596813365e-01
4.659313813900163304e-01
4.659313813900148871e-01
4.659313813900208823e-01
4.659313813900193280e-01
4.659313813900198831e-01
4.659313813900131107e-01
4.659313813900167189e-01
4.659313813900161638e-01
4.659313813900155532e-01
4.659313813900182732e-01
4.659313813900138879e-01
4.659313813900273771e-01
4.659313813900193280e-01
4.659313813900168855e-01
4.659313813900263224e-01
4.659313813900148871e-01
4.659313813900231027e-01
4.659313813900232693e-01
4.659313813900043399e-01
4.659313813900179957e-01
4.659313813900157752e-01
4.659313813900176071e-01
4.659313813900189949e-01
4.659313813900167744e-01
4.659313813900248236e-01
4.659313813900228807e-01
4.659313813900157197e-01
4.659313813900196055e-01
4.659313813900173851e-01
4.659313813900212153e-01
4.659313813900233248e-01
4.659313813900043955e-01
4.659313813900196055e-01
4.659313813900188284e-01
4.659313813900128332e-01
4.659313813900241574e-01
4.659313813900216039e-01
4.659313813900101131e-01
4.659313813900238244e-01
4.659313813900175516e-01
4.659313813900219370e-01
4.659313813900168855e-01
4.659313813900172185e-01
4.659313813900175516e-01
4.659313813900212153e-01
4.659313813900214929e-01
4.659313813900212153e-01
4.659313813900242129e-01
4.659313813900121115e-01
4.659313813900202161e-01
4.599724849537732418e-01
4.599724849537587534e-01
4.599724849537726312e-01
4.599724849537732418e-01
4.599724849537699112e-01
4.599724849537593641e-01
4.599724849537571991e-01
4.599724849537621951e-01
4.599724849537434324e-01
4.599724849537686344e-01
4.599724849537538685e-01
4.599724849537555338e-01
4.599724849537534799e-01
4.599724849537587534e-01
4.599724849537688565e-01
4.599724849537601967e-01
4.599724849537656368e-01
4.599724849537549232e-01
4.599724849537643045e-01
4.599724849537626392e-01
4.599724849537662474e-01
4.599724849537713545e-01
4.599724849537607518e-01
4.599724849537694116e-01
4.599724849537603077e-01
4.599724849537593641e-01
4.599724849537702998e-01
4.599724849537653593e-01
4.599724849537613069e-01
4.599724849537684124e-01
4.599724849537595306e-01
4.599724849537620841e-01
4.599724849537518145e-01
4.599724849537715765e-01
4.599724849537629723e-01
4.599724849537593641e-01
4.599724849537619176e-01
4.599724849537510929e-01
4.599724849537583649e-01
4.599724849537518701e-01
4.599724849537834559e-01
4.599724849537493720e-01
4.599724849537623061e-01
4.599724849537659144e-01
4.599724849537598081e-01
4.599724849537667470e-01
4.599724849537760729e-01
4.599724849537759064e-01
4.599724849537623617e-01
4.599724849537650262e-01
4.659313813900153312e-01
4.659313813900296530e-01
4.659313813900300416e-01
4.659313813900185508e-01
4.659313813900210488e-01
4.659313813899974011e-01
4.659313813900261558e-01
4.659313813900234913e-01
4.659313813900211043e-01
4.659313813900120560e-01
4.659313813900231027e-01
4.659313813900206602e-01
4.659313813900214929e-01
4.659313813900260448e-01
4.659313813900116674e-01
4.659313813900268220e-01
4.659313813900154422e-01
4.659313813900224366e-01
4.659313813899987333e-01
4.659313813900132217e-01
4.659313813900198831e-01
4.659313813900333723e-01
4.659313813900141099e-01
4.659313813900102796e-01
4.659313813900035073e-01
4.659313813900026746e-01
4.659313813900078927e-01
4.659313813900074486e-01
4.659313813900269885e-01
4.659313813900131662e-01
4.659313813900110568e-01
4.659313813900022305e-01
4.659313813900176071e-01
4.659313813900144985e-01
4.659313813900187173e-01
4.659313813900145540e-01
4.659313813900268775e-01
4.659313813900257117e-01
4.659313813900145540e-01
4.659313813900204382e-01
4.659313813900231027e-01
4.659313813900275436e-01
4.659313813900294310e-01
4.659313813900315959e-01
4.659313813899996215e-01
4.659313813900149981e-01
4.659313813900202161e-01
4.659313813900276546e-01
4.659313813900350931e-01
4.659313813900194390e-01
4.629548385596683469e-01
4.629548385596898297e-01
4.629548385596752302e-01
4.629548385596970461e-01
4.629548385596978788e-01
4.629548385597109239e-01
4.629548385596672921e-01
4.629548385596824467e-01
4.629548385596751192e-01
4.629548385596634619e-01
4.629548385597001547e-01
4.629548385596813365e-01
4.629548385596837234e-01
4.629548385596904958e-01
4.629548385596808924e-01
4.629548385596854998e-01
4.629548385596903293e-01
4.629548385596711224e-01
4.629548385596609084e-01
4.629548385596671256e-01
4.629548385596773952e-01
4.629548385596877202e-01
4.629548385596872206e-01
4.629548385596867210e-01
4.629548385596849447e-01
4.629548385596931603e-01
4.629548385596842786e-01
4.629548385596736759e-01
4.629548385596977678e-01
4.629548385596921611e-01
4.629548385596765625e-01
4.629548385596717885e-01
4.629548385596811144e-01
4.629548385596838345e-01
4.629548385596846671e-01
4.629548385596836124e-01
4.629548385596942706e-01
4.629548385596915505e-01
4.629548385596767290e-01
4.629548385596933824e-01
4.629548385596710114e-01
4.629548385596710114e-01
4.629548385596894411e-01
4.629548385596911064e-01
4.629548385597084259e-01
4.629548385596911064e-01
4.629548385597106464e-01
4.629548385596780613e-01
4.629548385596961579e-01
4.629548385596684024e-01
4.614334925383608565e-01
4.614334925383555830e-01
4.614334925383468122e-01
4.614334925383664077e-01
4.614334925383463126e-01
4.614334925383158370e-01
4.614334925383563046e-01
4.614334925383506980e-01
4.614334925383691832e-01
4.614334925383610786e-01
4.614334925383158370e-01
4.614334925383586916e-01
4.614334925383529185e-01
4.614334925383668518e-01
4.614334925383494768e-01
4.614334925383329344e-01
4.614334925383591912e-01
4.614334925383257180e-01
4.614334925383540287e-01
4.614334925383230535e-01
4.614334925383728470e-01
4.614334925383594688e-01
4.614334925383691277e-01
4.614334925383171138e-01
4.614334925383321018e-01
4.614334925383447583e-01
4.614334925383262731e-01
4.614334925383642427e-01
4.614334925383469788e-01
4.614334925383664077e-01
4.614334925383215547e-01
4.614334925383563046e-01
4.614334925383299368e-01
4.614334925383822839e-01
4.614334925383359320e-01
4.614334925383483110e-01
4.614334925383725694e-01
4.614334925383509201e-01
4.614334925383600794e-01
4.614334925383274388e-01
4.614334925383614672e-01
4.614334925383740127e-01
4.614334925383438146e-01
4.614334925383461461e-01
4.614334925383071218e-01
4.614334925383415942e-01
4.614334925383587471e-01
4.614334925383414832e-01
4.614334925383540287e-01
4.614334925383377639e-01
4.666979810629993120e-01
4.666979810629821035e-01
4.666979810630078052e-01
4.666979810630494940e-01
4.666979810629677261e-01
4.666979810630483283e-01
4.666979810630180192e-01
4.666979810630230152e-01
4.666979810630496606e-01
4.666979810630290104e-01
4.666979810629945380e-01
4.666979810629947600e-01
4.666979810630387249e-01
4.666979810630162429e-01
4.666979810630078052e-01
4.666979810630405012e-01
4.666979810630104697e-01
4.666979810630129677e-01
4.666979810630399461e-01
4.666979810630189629e-01
4.666979810629621195e-01
4.666979810630352277e-01
4.666979810630224046e-01
4.666979810630165759e-01
4.666979810630536019e-01
4.666979810630601522e-01
4.666979810630239589e-01
4.666979810630326742e-01
4.666979810630245695e-01
4.666979810629582337e-01
4.666979810630164094e-01
4.666979810630100256e-01
4.666979810630132453e-01
4.666979810629998671e-01
4.666979810630337289e-01
4.666979810630066949e-01
4.666979810630206282e-01
4.666979810630502712e-01
4.666979810630282333e-01
4.666979810629990344e-01
4.666979810630092484e-01
4.666979810630491055e-01
4.666979810630252357e-01
4.666979810629980352e-01
4.666979810630522141e-01
4.666979810629882097e-01
4.666979810630282333e-01
4.666979810630033088e-01
4.666979810630082492e-01
4.666979810630113024e-01
4.603592272609169922e-01
4.603592272608728053e-01
4.603592272608731384e-01
4.603592272608439950e-01
4.603592272609091096e-01
4.603592272609082769e-01
4.603592272608848512e-01
4.603592272608796332e-01
4.603592272608781899e-01
4.603592272608740266e-01
4.603592272608958980e-01
4.603592272609211000e-01
4.603592272609060565e-01
4.603592272609109415e-01
4.603592272608793556e-01
4.603592272608859615e-01
4.603592272608498237e-01
4.603592272608859615e-01
4.603592272609027813e-01
4.603592272609016711e-01
4.603592272608508784e-01
4.603592272608303393e-01
4.603592272608737490e-01
4.603592272608768576e-01
4.603592272609027813e-01
4.603592272608852398e-01
4.603592272608832414e-01
4.603592272609084990e-01
4.603592272608313940e-01
4.603592272608804659e-01
4.603592272609438041e-01
4.603592272608814651e-01
4.603592272608771907e-01
4.603592272608748037e-01
4.603592272608719727e-01
4.603592272608827973e-01
4.603592272608952873e-01
4.603592272609004499e-01
4.603592272609020042e-01
4.603592272609133285e-01
4.603592272608801328e-01
4.603592272608757474e-01
4.603592272609062230e-01
4.603592272608891811e-01
4.603592272609243197e-01
4.603592272609188241e-01
4.603592272608447167e-01
4.603592272608896252e-01
4.603592272608738045e-01
4.603592272609276503e-01
4.645785705747658145e-01
4.645785705748185501e-01
4.645785705747942917e-01
4.645785705748410321e-01
4.645785705747779715e-01
4.645785705748173289e-01
4.645785705747729755e-01
4.645785705748454730e-01
4.645785705747790817e-01
4.645785705748382566e-01
4.645785705748259331e-01
4.645785705748246008e-01
4.645785705748212147e-01
4.645785705748246008e-01
4.645785705747728644e-01
4.645785705747781380e-01
4.645785705748396444e-01
4.645785705747909056e-01
4.645785705748538552e-01
4.645785705748132211e-01
4.645785705748551875e-01
4.645785705747403904e-01
4.645785705748267658e-01
4.645785705747916272e-01
4.645785705748085581e-01
4.645785705747874084e-01
4.645785705747715877e-01
4.645785705748359251e-01
4.645785705747790817e-01
4.645785705748136096e-01
4.645785705748204375e-01
4.645785705748383676e-01
4.645785705748136096e-01
4.645785705747967897e-01
4.645785705748022854e-01
4.645785705747718097e-01
4.645785705748022854e-01
4.645785705748046723e-01
4.645785705747891292e-01
4.645785705748143868e-01
4.645785705748173844e-01
4.645785705747794148e-01
4.645785705748254890e-01
4.645785705747987882e-01
4.645785705747956240e-01
4.645785705748028960e-01
4.645785705748550765e-01
4.645785705747952354e-01
4.645785705748193273e-01
4.645785705747848549e-01
4.645785705747871308e-01
4.645785705747972893e-01
4.645785705748013417e-01
4.645785705747954020e-01
4.645785705748500249e-01
4.645785705748426975e-01
4.645785705748087246e-01
4.645785705748552430e-01
4.645785705748078920e-01
4.645785705747894623e-01
4.645785705747990102e-01
4.645785705748013417e-01
4.645785705748282091e-01
4.645785705747772498e-01
4.645785705748046723e-01
4.645785705748263772e-01
4.645785705748259886e-01
4.645785705747990102e-01
4.645785705747693672e-01
4.645785705748695094e-01
4.645785705747958461e-01
4.645785705747922378e-01
4.645785705748133876e-01
4.645785705747821903e-01
4.645785705747731420e-01
4.645785705747867977e-01
4.645785705747737526e-01
4.645785705747910166e-01
4.645785705748158301e-01
4.645785705748067262e-01
4.645785705748549654e-01
4.645785705747494942e-01
4.645785705748405880e-01
4.645785705748356476e-01
4.645785705747919048e-01
4.645785705748096683e-01
4.645785705747622063e-01
4.645785705747844108e-01
4.645785705747910166e-01
4.645785705748264327e-01
4.645785705747746408e-01
4.645785705748102790e-01
4.645785705748456396e-01
4.645785705748042838e-01
4.645785705748212147e-01
4.645785705748295413e-01
4.645785705748369798e-01
4.645785705747773053e-01
4.645785705747715322e-01
4.645785705748193828e-01
4.603592272609043912e-01
4.603592272610113612e-01
4.603592272609165481e-01
4.603592272609008940e-01
4.603592272609525193e-01
4.603592272608080793e-01
4.603592272609415281e-01
4.603592272608737490e-01
4.603592272608705849e-01
4.603592272608728053e-01
4.603592272609776104e-01
4.603592272608705849e-01
4.603592272608556524e-01
4.603592272608781344e-01
4.603592272608014180e-01
4.603592272609065561e-01
4.603592272608741376e-01
4.603592272608363345e-01
4.603592272609410840e-01
4.603592272609089431e-01
4.603592272609329794e-01
4.603592272609393632e-01
4.603592272608932889e-01
4.603592272609207114e-01
4.603592272608589275e-01
4.603592272608517111e-01
4.603592272609464686e-01
4.603592272608855174e-01
4.603592272609201008e-01
4.603592272609420832e-01
4.603592272609201563e-01
4.603592272609219882e-01
4.603592272608155178e-01
4.603592272608815206e-01
4.603592272608981739e-01
4.603592272607979208e-01
4.603592272608982849e-01
4.603592272608796332e-01
4.603592272608640346e-01
4.603592272609434155e-01
4.603592272608454938e-01
4.603592272608909575e-01
4.603592272609206004e-01
4.603592272609031144e-01
4.603592272608312830e-01
4.603592272609393077e-01
4.603592272608449942e-01
4.603592272609243197e-01
4.603592272609894342e-01
4.603592272609242086e-01
4.666979810629899861e-01
4.666979810630006442e-01
4.666979810629706682e-01
4.666979810628928971e-01
4.666979810630034198e-01
4.666979810630293435e-01
4.666979810630553227e-01
4.666979810630065284e-01
4.666979810630659808e-01
4.666979810630377257e-01
4.666979810630350611e-01
4.666979810629781622e-01
4.666979810630406678e-01
4.666979810630503822e-01
4.666979810630087488e-01
4.666979810630287884e-01
4.666979810630151881e-01
4.666979810630300096e-01
4.666979810629922065e-01
4.666979810630426662e-01
4.666979810630584313e-01
4.666979810630115244e-01
4.666979810630252357e-01
4.666979810630834113e-01
4.666979810630087488e-01
4.666979810630592085e-01
4.666979810630557668e-01
4.666979810630331182e-01
4.666979810630292880e-01
4.666979810630688674e-01
4.666979810630108028e-01
4.666979810630431103e-01
4.666979810630054182e-01
4.666979810630524361e-01
4.666979810630332848e-01
4.666979810629768854e-01
4.666979810630262904e-01
4.666979810630295655e-01
4.666979810629690584e-01
4.666979810629903747e-01
4.666979810630048076e-01
4.666979810630531023e-01
4.666979810630094150e-01
4.666979810630400571e-01
4.666979810630478842e-01
4.666979810629726666e-01
4.666979810629346415e-01
4.666979810629450776e-01
4.666979810629720560e-01
4.666979810629814929e-01
4.614334925384075414e-01
4.614334925383084540e-01
4.614334925383324904e-01
4.614334925383289931e-01
4.614334925384329655e-01
4.614334925383754560e-01
4.614334925383427044e-01
4.614334925383644648e-01
4.614334925383908326e-01
4.614334925383245523e-01
4.614334925383741237e-01
4.614334925382046482e-01
4.614334925383691832e-01
4.614334925384744879e-01
4.614334925384014907e-01
4.614334925383599129e-01
4.614334925383017927e-01
4.614334925383081765e-01
4.614334925383993258e-01
4.614334925384202535e-01
4.614334925384235286e-01
4.614334925384171449e-01
4.614334925384213082e-01
4.614334925383816177e-01
4.614334925383587471e-01
4.614334925383646313e-01
4.614334925383459240e-01
4.614334925384735997e-01
4.614334925384406261e-01
4.614334925383840602e-01
4.614334925383395958e-01
4.614334925383477004e-01
4.614334925382864161e-01
4.614334925383289376e-01
4.614334925383457020e-01
4.614334925383885566e-01
4.614334925384884767e-01
4.614334925383560826e-01
4.614334925382480579e-01
4.614334925383927755e-01
4.614334925383021258e-01
4.614334925383740682e-01
4.614334925384430686e-01
4.614334925384066532e-01
4.614334925383904440e-01
4.614334925383926089e-01
4.614334925382619912e-01
4.614334925383362651e-01
4.614334925382975738e-01
4.614334925383811181e-01
4.629548385596775617e-01
4.629548385597819782e-01
4.629548385597247462e-01
4.629548385596836679e-01
4.629548385596701232e-01
4.629548385596793381e-01
4.629548385597475613e-01
4.629548385597576088e-01
4.629548385597230253e-01
4.629548385596451432e-01
4.629548385596845006e-01
4.629548385597437865e-01
4.629548385596434223e-01
4.629548385596782833e-01
4.629548385596509719e-01
4.629548385597127003e-01
4.629548385596929938e-01
4.629548385597628268e-01
4.629548385596601312e-01
4.629548385596541915e-01
4.629548385597305749e-01
4.629548385596531368e-01
4.629548385596477522e-01
4.629548385596948257e-01
4.629548385596801152e-01
4.629548385596565230e-01
4.629548385597969107e-01
4.629548385596496396e-01
4.629548385596558568e-01
4.629548385597507809e-01
4.629548385596822802e-01
4.629548385596956028e-01
4.629548385597507254e-01
4.629548385597397342e-01
4.629548385597556104e-01
4.629548385597479498e-01
4.629548385596892190e-01
4.629548385596506388e-01
4.629548385597153093e-01
4.629548385596662374e-01
4.629548385596510274e-01
4.629548385596441440e-01
4.629548385597023197e-01
4.629548385596840010e-01
4.629548385596316540e-01
4.629548385596376492e-01
4.629548385596821691e-01
4.629548385597104243e-01
4.629548385597754834e-01
4.629548385596458093e-01
4.659313813899776391e-01
4.659313813900073376e-01
4.659313813900865520e-01
4.659313813900039514e-01
4.659313813900687884e-01
4.659313813899608747e-01
4.659313813898963152e-01
4.659313813899856882e-01
4.659313813899976786e-01
4.659313813899724210e-01
4.659313813900159973e-01
4.659313813900200496e-01
4.659313813900169410e-01
4.659313813899724765e-01
4.659313813901261869e-01
4.659313813901533874e-01
4.659313813899001455e-01
4.659313813900020085e-01
4.659313813900429757e-01
4.659313813899980117e-01
4.659313813900294310e-01
4.659313813899635393e-01
4.659313813899413348e-01
4.659313813899934598e-01
4.659313813900996526e-01
4.659313813900092249e-01
4.659313813900165524e-01
4.659313813899335077e-01
4.659313813899659817e-01
4.659313813899482737e-01
4.659313813899440548e-01
4.659313813899869094e-01
4.659313813899659262e-01
4.659313813899320089e-01
4.659313813900837209e-01
4.659313813901151957e-01
4.659313813899667589e-01
4.659313813899817469e-01
4.659313813899803036e-01
4.659313813900375356e-01
4.659313813898590673e-01
4.659313813900447521e-01
4.659313813899667589e-01
4.659313813898214307e-01
4.659313813899419454e-01
4.659313813900369805e-01
4.659313813900935464e-01
4.659313813900806123e-01
4.659313813900627932e-01
4.659313813899580992e-01
4.599724849538993632e-01
4.599724849538092686e-01
4.599724849538988081e-01
4.599724849537699667e-01
4.599724849538767146e-01
4.599724849537439320e-01
4.599724849538486260e-01
4.599724849537985549e-01
4.599724849537395466e-01
4.599724849537759619e-01
4.599724849537905058e-01
4.599724849538787685e-01
4.599724849536628857e-01
4.599724849537805693e-01
4.599724849537647486e-01
4.599724849537455973e-01
4.599724849537623617e-01
4.599724849536972471e-01
4.599724849537668026e-01
4.599724849537704108e-01
4.599724849537710769e-01
4.599724849537980553e-01
4.599724849536199756e-01
4.599724849538451288e-01
4.599724849538727733e-01
4.599724849538350813e-01
4.599724849538419091e-01
4.599724849535746785e-01
4.599724849537523141e-01
4.599724849537552562e-01
4.599724849536579452e-01
4.599724849538008309e-01
4.599724849537080162e-01
4.599724849537868976e-01
4.599724849536405702e-01
4.599724849537811244e-01
4.599724849537863425e-01
4.599724849536423466e-01
4.599724849537784599e-01
4.599724849537539240e-01
4.599724849537464300e-01
4.599724849537366045e-01
4.599724849537717986e-01
4.599724849538844307e-01
4.599724849538099347e-01
4.599724849538494587e-01
4.599724849537987215e-01
4.599724849539070237e-01
4.599724849538184279e-01
4.599724849538844307e-01
4.659313813899398915e-01
4.659313813900052281e-01
4.659313813900380907e-01
4.659313813901419521e-01
4.659313813900373691e-01
4.659313813900592405e-01
4.659313813901874712e-01
4.659313813900171630e-01
4.659313813900732293e-01
4.659313813899411683e-01
4.659313813899510492e-01
4.659313813899090273e-01
4.659313813899558787e-01
4.659313813901052037e-01
4.659313813900193835e-01
4.659313813900945456e-01
4.659313813900675671e-01
4.659313813899580436e-01
4.659313813900001211e-01
4.659313813899300105e-01
4.659313813900810564e-01
4.659313813899593204e-01
4.659313813900502477e-01
4.659313813900552992e-01
4.659313813899311763e-01
4.659313813899300105e-01
4.659313813901126422e-01
4.659313813900622381e-01
4.659313813900312073e-01
4.659313813900154422e-01
4.659313813899366719e-01
4.659313813900219370e-01
4.659313813899584322e-01
4.659313813899896850e-01
4.659313813900313739e-01
4.659313813900114454e-01
4.659313813900833323e-01
4.659313813900157752e-01
4.659313813899182422e-01
4.659313813899191303e-01
4.659313813899370604e-01
4.659313813900980983e-01
4.659313813900521906e-01
4.659313813901060364e-01
4.659313813900992085e-01
4.659313813899345069e-01
4.659313813901485024e-01
4.659313813900733958e-01
4.659313813900998746e-01
4.659313813899589873e-01
4.629548385595266824e-01
4.629548385597480054e-01
4.629548385596046201e-01
4.629548385596241045e-01
4.629548385595734783e-01
4.629548385597161975e-01
4.629548385597678228e-01
4.629548385596804483e-01
4.629548385596181648e-01
4.629548385596489735e-01
4.629548385596398141e-01
4.629548385596143345e-01
4.629548385595794735e-01
4.629548385594703941e-01
4.629548385600471549e-01
4.629548385596051752e-01
4.629548385596170545e-01
4.629548385597311300e-01
4.629548385596496396e-01
4.629548385596525817e-01
4.629548385595896876e-01
4.629548385596684024e-01
4.629548385596708449e-01
4.629548385597301863e-01
4.629548385596924387e-01
4.629548385596908289e-01
4.629548385597087035e-01
4.629548385596849447e-01
4.629548385597045401e-01
4.629548385596749527e-01
4.629548385597282434e-01
4.629548385595865234e-01
4.629548385597492821e-01
4.629548385596876647e-01
4.629548385595517179e-01
4.629548385600077975e-01
4.629548385594477455e-01
4.629548385596372051e-01
4.629548385597095361e-01
4.629548385596491955e-01
4.629548385596796156e-01
4.629548385596267690e-01
4.629548385597422322e-01
4.629548385597445082e-01
4.629548385596323201e-01
4.629548385595691484e-01
4.629548385596555793e-01
4.629548385596117255e-01
4.629548385597390125e-01
4.629548385595315119e-01
4.614334925382788111e-01
4.614334925383786756e-01
4.614334925383868358e-01
4.614334925382981289e-01
4.614334925382341801e-01
4.614334925384407926e-01
4.614334925383594688e-01
4.614334925384419028e-01
4.614334925383321018e-01
4.614334925383597463e-01
4.614334925383811181e-01
4.614334925383649089e-01
4.614334925382637675e-01
4.614334925381981534e-01
4.614334925384179775e-01
4.614334925383216657e-01
4.614334925382945762e-01
4.614334925384328545e-01
4.614334925383493657e-01
4.614334925384646069e-01
4.614334925383520303e-01
4.614334925386314734e-01
4.614334925383066777e-01
4.614334925382801433e-01
4.614334925383357100e-01
4.614334925383792863e-01
4.614334925382385655e-01
4.614334925382650998e-01
4.614334925385626396e-01
4.614334925382893582e-01
4.614334925384216968e-01
4.614334925383791197e-01
4.614334925383777875e-01
4.614334925381990415e-01
4.614334925383075658e-01
4.614334925382885255e-01
4.614334925382642116e-01
4.614334925382128638e-01
4.614334925383307140e-01
4.614334925383630215e-01
4.614334925383816177e-01
4.614334925383595243e-01
4.614334925384361297e-01
4.614334925384071528e-01
4.614334925383410391e-01
4.614334925382305719e-01
4.614334925382838071e-01
4.614334925383297703e-01
4.614334925383011266e-01
4.614334925382118091e-01
4.666979810630017544e-01
4.666979810631763370e-01
4.666979810630875192e-01
4.666979810632016501e-01
4.666979810630073056e-01
4.666979810630745296e-01
4.666979810632461145e-01
4.666979810629124370e-01
4.666979810629920955e-01
4.666979810630252357e-01
4.666979810628667513e-01
4.666979810630391134e-01
4.666979810629667824e-01
4.666979810627992498e-01
4.666979810627631120e-01
4.666979810630790815e-01
4.666979810630387249e-01
4.666979810630105807e-01
4.666979810628444914e-01
4.666979810629822145e-01
4.666979810630982328e-01
4.666979810630995096e-01
4.666979810631227132e-01
4.666979810629438008e-01
4.666979810629835468e-01
4.666979810630640380e-01
4.666979810628890113e-01
4.666979810629442449e-01
4.666979810629890979e-01
4.666979810632110315e-01
4.666979810629893199e-01
4.666979810629323655e-01
4.666979810630277892e-01
4.666979810630661474e-01
4.666979810631973202e-01
4.666979810628997249e-01
4.666979810628904546e-01
4.666979810629052206e-01
4.666979810630687564e-01
4.666979810628227310e-01
4.666979810630043080e-01
4.666979810630446646e-01
4.666979810629407477e-01
4.666979810631612380e-01
4.666979810630742520e-01
4.666979810630613734e-01
4.666979810631972647e-01
4.666979810630844105e-01
4.666979810631016745e-01
4.666979810630221825e-01
4.601757517193021951e-01
4.603592272609249858e-01
4.603592272606640279e-01
4.603592272609529634e-01
4.603592272607263669e-01
4.603592272606973901e-01
4.603592272607177627e-01
4.603592272607022751e-01
4.603592272608689195e-01
4.603592272609311475e-01
4.603592272607783809e-01
4.603592272608056368e-01
4.603592272608932334e-01
4.603592272608230673e-01
4.603592272609409175e-01
4.603592272611242708e-01
4.603592272609371427e-01
4.603592272608626468e-01
4.603592272608219016e-01
4.603592272608229008e-01
4.603592272609440816e-01
4.603592272609089431e-01
4.603592272609547398e-01
4.603592272607961999e-01
4.603592272610266267e-01
4.603592272609493552e-01
4.603592272609506875e-01
4.603592272609553504e-01
4.603592272608855174e-01
4.603592272609881020e-01
4.603592272609565716e-01
4.603592272608663660e-01
4.603592272608879044e-01
4.603592272610418368e-01
4.603592272610801395e-01
4.603592272609154934e-01
4.603592272607797686e-01
4.603592272609319802e-01
4.603592272608814651e-01
4.603592272608052482e-01
4.603592272607728852e-01
4.603592272608810765e-01
4.603592272607490155e-01
4.603592272608235114e-01
4.603592272606913394e-01
4.603592272607532343e-01
4.603592272610413927e-01
4.603592272607694991e-01
4.603592272609038361e-01
4.601757517193021951e-01
