-1.733789549750179759e+01
-1.663047719360557153e+01
-1.592407965264975367e+01
-1.521417454555041004e+01
-1.450850133524915186e+01
-1.379999999999999361e+01
-1.309149866475084778e+01
-1.238582545444959138e+01
-1.167592034735024775e+01
-1.096952280639442989e+01
-1.026210450249820738e+01
-9.552705862296086536e+00
-8.847294137703915595e+00
-8.137895497501794750e+00
-7.430477193605570463e+00
-6.724079652649755268e+00
-6.014174545550408091e+00
-5.308501335249149022e+00
-4.599999999999998757e+00
-3.891498664750847603e+00
-3.185825454449589866e+00
-2.475920347350245798e+00
-1.769522806394427050e+00
-1.062104502498204983e+00
-3.527058622960854151e-01
3.527058622960882461e-01
1.062104502498207648e+00
1.769522806394427050e+00
2.475920347350244910e+00
3.185825454449592087e+00
3.891498664750850711e+00
4.600000000000003197e+00
5.308501335249150799e+00
6.014174545550410755e+00
6.724079652649756156e+00
7.430477193605574904e+00
8.137895497501796527e+00
8.847294137703915595e+00
9.552705862296090089e+00
1.026210450249820738e+01
1.096952280639442989e+01
1.167592034735024775e+01
1.238582545444959138e+01
1.309149866475085311e+01
1.379999999999999005e+01
1.450850133524914654e+01
1.521417454555041004e+01
1.592407965264975367e+01
1.663047719360557508e+01
1.733789549750179404e+01
-1.733789549750179759e+01
-1.663047719360556442e+01
-1.592407965264975545e+01
-1.521417454555041360e+01
-1.450850133524914831e+01
-1.379999999999999893e+01
-1.309149866475085133e+01
-1.238582545444958960e+01
-1.167592034735024242e+01
-1.096952280639442279e+01
-1.026210450249820028e+01
-9.552705862296090089e+00
-8.847294137703915595e+00
-8.137895497501798303e+00
-7.430477193605569575e+00
-6.724079652649756156e+00
-6.014174545550406314e+00
-5.308501335249149022e+00
-4.599999999999997868e+00
-3.891498664750848491e+00
-3.185825454449588534e+00
-2.475920347350244466e+00
-1.769522806394427494e+00
-1.062104502498205205e+00
-3.527058622960850820e-01
3.527058622960883016e-01
1.062104502498208092e+00
1.769522806394426606e+00
2.475920347350244022e+00
3.185825454449591199e+00
3.891498664750852043e+00
4.600000000000002309e+00
5.308501335249150799e+00
6.014174545550408979e+00
6.724079652649757932e+00
7.430477193605574904e+00
8.137895497501800079e+00
8.847294137703913819e+00
9.552705862296090089e+00
1.026210450249820383e+01
1.096952280639442634e+01
1.167592034735024953e+01
1.238582545444958782e+01
1.309149866475085489e+01
1.380000000000000071e+01
1.450850133524915009e+01
1.521417454555041004e+01
1.592407965264975189e+01
1.663047719360557508e+01
1.733789549750179759e+01
-1.733789549750180470e+01
-1.663047719360556442e+01
-1.592407965264975545e+01
-1.521417454555041004e+01
-1.450850133524914654e+01
-1.379999999999999716e+01
-1.309149866475084600e+01
-1.238582545444959138e+01
-1.167592034735024065e+01
-1.096952280639442279e+01
-1.026210450249820383e+01
-9.552705862296086536e+00
-8.847294137703913819e+00
-8.137895497501798303e+00
-7.430477193605570463e+00
-6.724079652649756156e+00
-6.014174545550406314e+00
-5.308501335249148134e+00
-4.599999999999997868e+00
-3.891498664750847603e+00
-3.185825454449588534e+00
-2.475920347350244910e+00
-1.769522806394427716e+00
-1.062104502498205205e+00
-3.527058622960850265e-01
3.527058622960883016e-01
1.062104502498208092e+00
1.769522806394427050e+00
2.475920347350244022e+00
3.185825454449592531e+00
3.891498664750850711e+00
4.600000000000003197e+00
5.308501335249149911e+00
6.014174545550408979e+00
6.724079652649757932e+00
7.430477193605574016e+00
8.137895497501798303e+00
8.847294137703913819e+00
9.552705862296086536e+00
1.026210450249820738e+01
1.096952280639442812e+01
1.167592034735024598e+01
1.238582545444958782e+01
1.309149866475084778e+01
1.380000000000000071e+01
1.450850133524914476e+01
1.521417454555041360e+01
1.592407965264975367e+01
1.663047719360557863e+01
1.733789549750179759e+01
-1.733789549750179404e+01
-1.663047719360557153e+01
-1.592407965264975900e+01
-1.521417454555041004e+01
-1.450850133524915364e+01
-1.380000000000000426e+01
-1.309149866475084778e+01
-1.238582545444959671e+01
-1.167592034735024775e+01
-1.096952280639443167e+01
-1.026210450249820560e+01
-9.552705862296086536e+00
-8.847294137703912043e+00
-8.137895497501794750e+00
-7.430477193605568687e+00
-6.724079652649758820e+00
-6.014174545550405426e+00
-5.308501335249149022e+00
-4.599999999999997868e+00
-3.891498664750847603e+00
-3.185825454449590310e+00
-2.475920347350244910e+00
-1.769522806394427938e+00
-1.062104502498205205e+00
-3.527058622960848600e-01
3.527058622960883572e-01
1.062104502498208092e+00
1.769522806394427050e+00
2.475920347350243134e+00
3.185825454449592975e+00
3.891498664750852043e+00
4.600000000000003197e+00
5.308501335249149022e+00
6.014174545550407203e+00
6.724079652649757932e+00
7.430477193605571351e+00
8.137895497501794750e+00
8.847294137703912043e+00
9.552705862296088313e+00
1.026210450249820738e+01
1.096952280639442989e+01
1.167592034735024953e+01
1.238582545444959138e+01
1.309149866475085133e+01
1.380000000000000426e+01
1.450850133524915009e+01
1.521417454555041004e+01
1.592407965264975545e+01
1.663047719360557863e+01
1.733789549750179404e+01
-1.733789549750179049e+01
-1.663047719360557153e+01
-1.592407965264975545e+01
-1.521417454555041004e+01
-1.450850133524914654e+01
-1.379999999999999716e+01
-1.309149866475084778e+01
-1.238582545444959138e+01
-1.167592034735024242e+01
-1.096952280639442279e+01
-1.026210450249820383e+01
-9.552705862296086536e+00
-8.847294137703913819e+00
-8.137895497501791198e+00
-7.430477193605572239e+00
-6.724079652649754379e+00
-6.014174545550404538e+00
-5.308501335249150799e+00
-4.599999999999997868e+00
-3.891498664750847603e+00
-3.185825454449590310e+00
-2.475920347350245798e+00
-1.769522806394427938e+00
-1.062104502498205205e+00
-3.527058622960849710e-01
3.527058622960884682e-01
1.062104502498208092e+00
1.769522806394427050e+00
2.475920347350244022e+00
3.185825454449592975e+00
3.891498664750852043e+00
4.600000000000001421e+00
5.308501335249151687e+00
6.014174545550408979e+00
6.724079652649756156e+00
7.430477193605577568e+00
8.137895497501794750e+00
8.847294137703912043e+00
9.552705862296086536e+00
1.026210450249820738e+01
1.096952280639442634e+01
1.167592034735024598e+01
1.238582545444959138e+01
1.309149866475085489e+01
1.379999999999999538e+01
1.450850133524914654e+01
1.521417454555041360e+01
1.592407965264975189e+01
1.663047719360558219e+01
1.733789549750179049e+01
-1.733789549750178693e+01
-1.663047719360557153e+01
-1.592407965264975367e+01
-1.521417454555041004e+01
-1.450850133524914654e+01
-1.380000000000000071e+01
-1.309149866475084778e+01
-1.238582545444959138e+01
-1.167592034735024242e+01
-1.096952280639442279e+01
-1.026210450249820383e+01
-9.552705862296082984e+00
-8.847294137703913819e+00
-8.137895497501794750e+00
-7.430477193605570463e+00
-6.724079652649755268e+00
-6.014174545550406314e+00
-5.308501335249149911e+00
-4.599999999999998757e+00
-3.891498664750847603e+00
-3.185825454449590310e+00
-2.475920347350244910e+00
-1.769522806394428383e+00
-1.062104502498205427e+00
-3.527058622960850820e-01
3.527058622960884682e-01
1.062104502498208092e+00
1.769522806394428160e+00
2.475920347350244022e+00
3.185825454449593863e+00
3.891498664750852043e+00
4.600000000000003197e+00
5.308501335249151687e+00
6.014174545550407203e+00
6.724079652649759709e+00
7.430477193605572239e+00
8.137895497501798303e+00
8.847294137703912043e+00
9.552705862296086536e+00
1.026210450249820738e+01
1.096952280639442279e+01
1.167592034735024598e+01
1.238582545444959138e+01
1.309149866475084778e+01
1.380000000000000426e+01
1.450850133524914476e+01
1.521417454555041360e+01
1.592407965264974834e+01
1.663047719360557863e+01
1.733789549750179049e+01
-1.733789549750179759e+01
-1.663047719360556442e+01
-1.592407965264975545e+01
-1.521417454555040472e+01
-1.450850133524914298e+01
-1.379999999999999361e+01
-1.309149866475084778e+01
-1.238582545444958960e+01
-1.167592034735024775e+01
-1.096952280639441923e+01
-1.026210450249820205e+01
-9.552705862296086536e+00
-8.847294137703917372e+00
-8.137895497501792974e+00
-7.430477193605570463e+00
-6.724079652649755268e+00
-6.014174545550406314e+00
-5.308501335249147246e+00
-4.599999999999999645e+00
-3.891498664750846714e+00
-3.185825454449590310e+00
-2.475920347350244910e+00
-1.769522806394428827e+00
-1.062104502498205427e+00
-3.527058622960852485e-01
3.527058622960884682e-01
1.062104502498208536e+00
1.769522806394427716e+00
2.475920347350244022e+00
3.185825454449592975e+00
3.891498664750850711e+00
4.600000000000003197e+00
5.308501335249149911e+00
6.014174545550408979e+00
6.724079652649759709e+00
7.430477193605574904e+00
8.137895497501796527e+00
8.847294137703919148e+00
9.552705862296086536e+00
1.026210450249820738e+01
1.096952280639442634e+01
1.167592034735025130e+01
1.238582545444958782e+01
1.309149866475085133e+01
1.379999999999999538e+01
1.450850133524914298e+01
1.521417454555040649e+01
1.592407965264975545e+01
1.663047719360557863e+01
1.733789549750179759e+01
-1.733789549750179759e+01
-1.663047719360557508e+01
-1.592407965264975900e+01
-1.521417454555040827e+01
-1.450850133524914654e+01
-1.379999999999999183e+01
-1.309149866475084778e+01
-1.238582545444958782e+01
-1.167592034735024598e+01
-1.096952280639442634e+01
-1.026210450249820560e+01
-9.552705862296084760e+00
-8.847294137703915595e+00
-8.137895497501792974e+00
-7.430477193605570463e+00
-6.724079652649755268e+00
-6.014174545550407203e+00
-5.308501335249149911e+00
-4.599999999999997868e+00
-3.891498664750848491e+00
-3.185825454449589422e+00
-2.475920347350245354e+00
-1.769522806394428383e+00
-1.062104502498205205e+00
-3.527058622960854151e-01
3.527058622960883572e-01
1.062104502498208314e+00
1.769522806394428160e+00
2.475920347350244910e+00
3.185825454449592087e+00
3.891498664750851155e+00
4.600000000000001421e+00
5.308501335249150799e+00
6.014174545550408979e+00
6.724079652649757932e+00
7.430477193605572239e+00
8.137895497501796527e+00
8.847294137703912043e+00
9.552705862296086536e+00
1.026210450249820738e+01
1.096952280639442456e+01
1.167592034735025130e+01
1.238582545444958605e+01
1.309149866475085311e+01
1.379999999999999716e+01
1.450850133524914654e+01
1.521417454555040827e+01
1.592407965264975545e+01
1.663047719360558219e+01
1.733789549750180470e+01
-1.733789549750179404e+01
-1.663047719360556798e+01
-1.592407965264975900e+01
-1.521417454555041004e+01
-1.450850133524914654e+01
-1.380000000000000071e+01
-1.309149866475084778e+01
-1.238582545444959138e+01
-1.167592034735024420e+01
-1.096952280639442634e+01
-1.026210450249820738e+01
-9.552705862296086536e+00
-8.847294137703913819e+00
-8.137895497501794750e+00
-7.430477193605572239e+00
-6.724079652649755268e+00
-6.014174545550407203e+00
-5.308501335249147246e+00
-4.600000000000000533e+00
-3.891498664750848491e+00
-3.185825454449590310e+00
-2.475920347350244466e+00
-1.769522806394428383e+00
-1.062104502498205649e+00
-3.527058622960856926e-01
3.527058622960883572e-01
1.062104502498208536e+00
1.769522806394428383e+00
2.475920347350244022e+00
3.185825454449592975e+00
3.891498664750852043e+00
4.600000000000004974e+00
5.308501335249149911e+00
6.014174545550407203e+00
6.724079652649757932e+00
7.430477193605574016e+00
8.137895497501798303e+00
8.847294137703912043e+00
9.552705862296086536e+00
1.026210450249820738e+01
1.096952280639442634e+01
1.167592034735024242e+01
1.238582545444959138e+01
1.309149866475085311e+01
1.379999999999999716e+01
1.450850133524914654e+01
1.521417454555041360e+01
1.592407965264975545e+01
1.663047719360557863e+01
1.733789549750179404e+01
-1.733789549750180115e+01
-1.663047719360556442e+01
-1.592407965264975545e+01
-1.521417454555041004e+01
-1.450850133524914654e+01
-1.379999999999999893e+01
-1.309149866475084956e+01
-1.238582545444958960e+01
-1.167592034735024420e+01
-1.096952280639442456e+01
-1.026210450249820383e+01
-9.552705862296086536e+00
-8.847294137703913819e+00
-8.137895497501794750e+00
-7.430477193605570463e+00
-6.724079652649752603e+00
-6.014174545550408091e+00
-5.308501335249149022e+00
-4.599999999999998757e+00
-3.891498664750847603e+00
-3.185825454449589866e+00
-2.475920347350244910e+00
-1.769522806394427938e+00
-1.062104502498205649e+00
-3.527058622960856926e-01
3.527058622960884682e-01
1.062104502498208758e+00
1.769522806394428383e+00
2.475920347350244910e+00
3.185825454449592975e+00
3.891498664750851155e+00
4.600000000000001421e+00
5.308501335249150799e+00
6.014174545550409867e+00
6.724079652649756156e+00
7.430477193605574016e+00
8.137895497501798303e+00
8.847294137703912043e+00
9.552705862296082984e+00
1.026210450249820560e+01
1.096952280639442634e+01
1.167592034735024775e+01
1.238582545444958782e+01
1.309149866475085133e+01
1.379999999999999716e+01
1.450850133524914831e+01
1.521417454555041004e+01
1.592407965264975545e+01
1.663047719360557863e+01
1.733789549750179404e+01
-1.733789549750179759e+01
-1.663047719360557153e+01
-1.592407965264975900e+01
-1.521417454555041004e+01
-1.450850133524915364e+01
-1.379999999999999361e+01
-1.309149866475084778e+01
-1.238582545444958782e+01
-1.167592034735024420e+01
-1.096952280639442634e+01
-1.026210450249820560e+01
-9.552705862296084760e+00
-8.847294137703915595e+00
-8.137895497501794750e+00
-7.430477193605572239e+00
-6.724079652649757044e+00
-6.014174545550405426e+00
-5.308501335249149022e+00
-4.599999999999998757e+00
-3.891498664750848491e+00
-3.185825454449590310e+00
-2.475920347350244910e+00
-1.769522806394428827e+00
-1.062104502498205205e+00
-3.527058622960854706e-01
3.527058622960882461e-01
1.062104502498208536e+00
1.769522806394428827e+00
2.475920347350244022e+00
3.185825454449592975e+00
3.891498664750851155e+00
4.600000000000003197e+00
5.308501335249149022e+00
6.014174545550407203e+00
6.724079652649759709e+00
7.430477193605574904e+00
8.137895497501798303e+00
8.847294137703913819e+00
9.552705862296086536e+00
1.026210450249820383e+01
1.096952280639442634e+01
1.167592034735024598e+01
1.238582545444958782e+01
1.309149866475085311e+01
1.379999999999999716e+01
1.450850133524915009e+01
1.521417454555041004e+01
1.592407965264975900e+01
1.663047719360558219e+01
1.733789549750179759e+01
-1.733789549750179759e+01
-1.663047719360557153e+01
-1.592407965264975189e+01
-1.521417454555041182e+01
-1.450850133524915009e+01
-1.380000000000000071e+01
-1.309149866475084778e+01
-1.238582545444959138e+01
-1.167592034735024065e+01
-1.096952280639442634e+01
-1.026210450249820383e+01
-9.552705862296086536e+00
-8.847294137703919148e+00
-8.137895497501792974e+00
-7.430477193605570463e+00
-6.724079652649755268e+00
-6.014174545550406314e+00
-5.308501335249149022e+00
-4.599999999999999645e+00
-3.891498664750846714e+00
-3.185825454449589422e+00
-2.475920347350244910e+00
-1.769522806394427938e+00
-1.062104502498205871e+00
-3.527058622960854706e-01
3.527058622960883016e-01
1.062104502498208980e+00
1.769522806394427716e+00
2.475920347350244910e+00
3.185825454449592087e+00
3.891498664750850267e+00
4.600000000000003197e+00
5.308501335249150799e+00
6.014174545550407203e+00
6.724079652649757932e+00
7.430477193605574904e+00
8.137895497501794750e+00
8.847294137703915595e+00
9.552705862296086536e+00
1.026210450249820560e+01
1.096952280639442634e+01
1.167592034735024598e+01
1.238582545444959138e+01
1.309149866475085133e+01
1.379999999999999893e+01
1.450850133524914831e+01
1.521417454555041004e+01
1.592407965264974834e+01
1.663047719360558219e+01
1.733789549750179404e+01
-1.733789549750179404e+01
-1.663047719360557153e+01
-1.592407965264975189e+01
-1.521417454555040827e+01
-1.450850133524915009e+01
-1.380000000000000071e+01
-1.309149866475085133e+01
-1.238582545444959138e+01
-1.167592034735024420e+01
-1.096952280639442279e+01
-1.026210450249820738e+01
-9.552705862296086536e+00
-8.847294137703917372e+00
-8.137895497501794750e+00
-7.430477193605568687e+00
-6.724079652649756156e+00
-6.014174545550407203e+00
-5.308501335249149022e+00
-4.599999999999998757e+00
-3.891498664750847603e+00
-3.185825454449588534e+00
-2.475920347350244910e+00
-1.769522806394427494e+00
-1.062104502498205205e+00
-3.527058622960854706e-01
3.527058622960883572e-01
1.062104502498208314e+00
1.769522806394427716e+00
2.475920347350244910e+00
3.185825454449592087e+00
3.891498664750851155e+00
4.600000000000003197e+00
5.308501335249149911e+00
6.014174545550408979e+00
6.724079652649756156e+00
7.430477193605571351e+00
8.137895497501798303e+00
8.847294137703915595e+00
9.552705862296086536e+00
1.026210450249820916e+01
1.096952280639442634e+01
1.167592034735024598e+01
1.238582545444958782e+01
1.309149866475085133e+01
1.380000000000000426e+01
1.450850133524915009e+01
1.521417454555040827e+01
1.592407965264975189e+01
1.663047719360557863e+01
1.733789549750179759e+01
-1.733789549750179049e+01
-1.663047719360557863e+01
-1.592407965264976255e+01
-1.521417454555041004e+01
-1.450850133524914654e+01
-1.379999999999999716e+01
-1.309149866475085133e+01
-1.238582545444959138e+01
-1.167592034735024598e+01
-1.096952280639442456e+01
-1.026210450249820383e+01
-9.552705862296090089e+00
-8.847294137703912043e+00
-8.137895497501796527e+00
-7.430477193605570463e+00
-6.724079652649754379e+00
-6.014174545550406314e+00
-5.308501335249147246e+00
-4.599999999999999645e+00
-3.891498664750846714e+00
-3.185825454449590310e+00
-2.475920347350244910e+00
-1.769522806394428383e+00
-1.062104502498205205e+00
-3.527058622960853596e-01
3.527058622960883572e-01
1.062104502498208314e+00
1.769522806394427938e+00
2.475920347350244466e+00
3.185825454449593419e+00
3.891498664750852043e+00
4.600000000000003197e+00
5.308501335249149022e+00
6.014174545550407203e+00
6.724079652649756156e+00
7.430477193605574016e+00
8.137895497501798303e+00
8.847294137703910266e+00
9.552705862296088313e+00
1.026210450249820560e+01
1.096952280639442634e+01
1.167592034735024953e+01
1.238582545444958782e+01
1.309149866475085311e+01
1.379999999999999893e+01
1.450850133524914654e+01
1.521417454555041360e+01
1.592407965264976077e+01
1.663047719360558574e+01
1.733789549750179049e+01
-1.733789549750179759e+01
-1.663047719360556442e+01
-1.592407965264975189e+01
-1.521417454555040116e+01
-1.450850133524915009e+01
-1.380000000000000426e+01
-1.309149866475084778e+01
-1.238582545444959315e+01
-1.167592034735023709e+01
-1.096952280639442634e+01
-1.026210450249820738e+01
-9.552705862296086536e+00
-8.847294137703915595e+00
-8.137895497501794750e+00
-7.430477193605569575e+00
-6.724079652649756156e+00
-6.014174545550405426e+00
-5.308501335249150799e+00
-4.599999999999998757e+00
-3.891498664750847603e+00
-3.185825454449590310e+00
-2.475920347350244910e+00
-1.769522806394428383e+00
-1.062104502498205427e+00
-3.527058622960853596e-01
3.527058622960883016e-01
1.062104502498208314e+00
1.769522806394427938e+00
2.475920347350244910e+00
3.185825454449592975e+00
3.891498664750851155e+00
4.600000000000003197e+00
5.308501335249150799e+00
6.014174545550407203e+00
6.724079652649756156e+00
7.430477193605572239e+00
8.137895497501798303e+00
8.847294137703913819e+00
9.552705862296086536e+00
1.026210450249821093e+01
1.096952280639442989e+01
1.167592034735024242e+01
1.238582545444959138e+01
1.309149866475084778e+01
1.380000000000000071e+01
1.450850133524915009e+01
1.521417454555039939e+01
1.592407965264975189e+01
1.663047719360557863e+01
1.733789549750179759e+01
-1.733789549750179049e+01
-1.663047719360557153e+01
-1.592407965264975900e+01
-1.521417454555041004e+01
-1.450850133524914654e+01
-1.380000000000000071e+01
-1.309149866475084778e+01
-1.238582545444959138e+01
-1.167592034735024420e+01
-1.096952280639442279e+01
-1.026210450249820738e+01
-9.552705862296086536e+00
-8.847294137703913819e+00
-8.137895497501796527e+00
-7.430477193605572239e+00
-6.724079652649754379e+00
-6.014174545550405426e+00
-5.308501335249150799e+00
-4.599999999999997868e+00
-3.891498664750848491e+00
-3.185825454449588534e+00
-2.475920347350244910e+00
-1.769522806394427494e+00
-1.062104502498204983e+00
-3.527058622960853596e-01
3.527058622960882461e-01
1.062104502498208092e+00
1.769522806394427272e+00
2.475920347350244022e+00
3.185825454449592087e+00
3.891498664750852043e+00
4.600000000000001421e+00
5.308501335249151687e+00
6.014174545550408091e+00
6.724079652649757044e+00
7.430477193605574016e+00
8.137895497501798303e+00
8.847294137703912043e+00
9.552705862296084760e+00
1.026210450249820738e+01
1.096952280639442634e+01
1.167592034735024953e+01
1.238582545444959138e+01
1.309149866475085133e+01
1.380000000000000426e+01
1.450850133524914654e+01
1.521417454555041537e+01
1.592407965264975900e+01
1.663047719360557863e+01
1.733789549750179049e+01
-1.733789549750179759e+01
-1.663047719360556442e+01
-1.592407965264975545e+01
-1.521417454555040294e+01
-1.450850133524914298e+01
-1.380000000000000426e+01
-1.309149866475085133e+01
-1.238582545444959138e+01
-1.167592034735024598e+01
-1.096952280639442634e+01
-1.026210450249820738e+01
-9.552705862296086536e+00
-8.847294137703912043e+00
-8.137895497501794750e+00
-7.430477193605572239e+00
-6.724079652649752603e+00
-6.014174545550404538e+00
-5.308501335249150799e+00
-4.599999999999998757e+00
-3.891498664750848491e+00
-3.185825454449590310e+00
-2.475920347350244022e+00
-1.769522806394427716e+00
-1.062104502498205427e+00
-3.527058622960854706e-01
3.527058622960883572e-01
1.062104502498208092e+00
1.769522806394427494e+00
2.475920347350244022e+00
3.185825454449593863e+00
3.891498664750852043e+00
4.600000000000003197e+00
5.308501335249151687e+00
6.014174545550408979e+00
6.724079652649752603e+00
7.430477193605575792e+00
8.137895497501798303e+00
8.847294137703910266e+00
9.552705862296086536e+00
1.026210450249820738e+01
1.096952280639442634e+01
1.167592034735024953e+01
1.238582545444958960e+01
1.309149866475085489e+01
1.380000000000000782e+01
1.450850133524914298e+01
1.521417454555040649e+01
1.592407965264975367e+01
1.663047719360557153e+01
1.733789549750179759e+01
-1.733789549750179759e+01
-1.663047719360557153e+01
-1.592407965264975367e+01
-1.521417454555040649e+01
-1.450850133524915009e+01
-1.380000000000000071e+01
-1.309149866475084778e+01
-1.238582545444958782e+01
-1.167592034735023887e+01
-1.096952280639442634e+01
-1.026210450249820560e+01
-9.552705862296086536e+00
-8.847294137703912043e+00
-8.137895497501792974e+00
-7.430477193605570463e+00
-6.724079652649755268e+00
-6.014174545550408979e+00
-5.308501335249150799e+00
-4.599999999999997868e+00
-3.891498664750848491e+00
-3.185825454449589866e+00
-2.475920347350244910e+00
-1.769522806394427938e+00
-1.062104502498205427e+00
-3.527058622960853596e-01
3.527058622960883572e-01
1.062104502498208092e+00
1.769522806394427494e+00
2.475920347350244022e+00
3.185825454449592975e+00
3.891498664750851155e+00
4.600000000000003197e+00
5.308501335249150799e+00
6.014174545550410755e+00
6.724079652649757932e+00
7.430477193605572239e+00
8.137895497501796527e+00
8.847294137703910266e+00
9.552705862296090089e+00
1.026210450249820738e+01
1.096952280639442989e+01
1.167592034735024598e+01
1.238582545444958782e+01
1.309149866475085133e+01
1.380000000000000426e+01
1.450850133524915009e+01
1.521417454555040827e+01
1.592407965264975189e+01
1.663047719360558219e+01
1.733789549750179759e+01
-1.733789549750179759e+01
-1.663047719360556442e+01
-1.592407965264975545e+01
-1.521417454555040827e+01
-1.450850133524915009e+01
-1.379999999999999716e+01
-1.309149866475084778e+01
-1.238582545444959138e+01
-1.167592034735024598e+01
-1.096952280639442634e+01
-1.026210450249820738e+01
-9.552705862296084760e+00
-8.847294137703912043e+00
-8.137895497501792974e+00
-7.430477193605572239e+00
-6.724079652649752603e+00
-6.014174545550404538e+00
-5.308501335249150799e+00
-4.599999999999999645e+00
-3.891498664750848491e+00
-3.185825454449589866e+00
-2.475920347350244466e+00
-1.769522806394427938e+00
-1.062104502498205205e+00
-3.527058622960853596e-01
3.527058622960883572e-01
1.062104502498208314e+00
1.769522806394427050e+00
2.475920347350244022e+00
3.185825454449592087e+00
3.891498664750852488e+00
4.600000000000003197e+00
5.308501335249150799e+00
6.014174545550408979e+00
6.724079652649756156e+00
7.430477193605574016e+00
8.137895497501798303e+00
8.847294137703910266e+00
9.552705862296088313e+00
1.026210450249820916e+01
1.096952280639442634e+01
1.167592034735024775e+01
1.238582545444958960e+01
1.309149866475085133e+01
1.380000000000000071e+01
1.450850133524914831e+01
1.521417454555040827e+01
1.592407965264975189e+01
1.663047719360557863e+01
1.733789549750179759e+01
-1.733789549750179049e+01
-1.663047719360556442e+01
-1.592407965264975900e+01
-1.521417454555040649e+01
-1.450850133524915364e+01
-1.379999999999999716e+01
-1.309149866475084423e+01
-1.238582545444958782e+01
-1.167592034735023709e+01
-1.096952280639442279e+01
-1.026210450249820560e+01
-9.552705862296088313e+00
-8.847294137703913819e+00
-8.137895497501789421e+00
-7.430477193605572239e+00
-6.724079652649755268e+00
-6.014174545550408091e+00
-5.308501335249150799e+00
-4.599999999999998757e+00
-3.891498664750847603e+00
-3.185825454449590755e+00
-2.475920347350245798e+00
-1.769522806394428383e+00
-1.062104502498205427e+00
-3.527058622960852485e-01
3.527058622960883572e-01
1.062104502498208314e+00
1.769522806394427938e+00
2.475920347350244910e+00
3.185825454449592975e+00
3.891498664750852043e+00
4.600000000000003197e+00
5.308501335249150799e+00
6.014174545550408979e+00
6.724079652649757932e+00
7.430477193605574016e+00
8.137895497501794750e+00
8.847294137703912043e+00
9.552705862296086536e+00
1.026210450249820738e+01
1.096952280639442279e+01
1.167592034735024242e+01
1.238582545444958782e+01
1.309149866475084778e+01
1.380000000000000071e+01
1.450850133524915009e+01
1.521417454555041004e+01
1.592407965264975367e+01
1.663047719360557153e+01
1.733789549750179404e+01
-1.733789549750179759e+01
-1.663047719360556087e+01
-1.592407965264975189e+01
-1.521417454555041182e+01
-1.450850133524914654e+01
-1.379999999999999893e+01
-1.309149866475084778e+01
-1.238582545444959138e+01
-1.167592034735024598e+01
-1.096952280639442634e+01
-1.026210450249820383e+01
-9.552705862296090089e+00
-8.847294137703912043e+00
-8.137895497501794750e+00
-7.430477193605572239e+00
-6.724079652649754379e+00
-6.014174545550405426e+00
-5.308501335249149022e+00
-4.599999999999999645e+00
-3.891498664750847603e+00
-3.185825454449587646e+00
-2.475920347350244910e+00
-1.769522806394427494e+00
-1.062104502498205427e+00
-3.527058622960851930e-01
3.527058622960883016e-01
1.062104502498208314e+00
1.769522806394427494e+00
2.475920347350244466e+00
3.185825454449590755e+00
3.891498664750851155e+00
4.600000000000003197e+00
5.308501335249150799e+00
6.014174545550407203e+00
6.724079652649756156e+00
7.430477193605577568e+00
8.137895497501798303e+00
8.847294137703910266e+00
9.552705862296090089e+00
1.026210450249820383e+01
1.096952280639442989e+01
1.167592034735024598e+01
1.238582545444958782e+01
1.309149866475085311e+01
1.379999999999999893e+01
1.450850133524914654e+01
1.521417454555041004e+01
1.592407965264975189e+01
1.663047719360557153e+01
1.733789549750179404e+01
-1.733789549750179759e+01
-1.663047719360556442e+01
-1.592407965264974834e+01
-1.521417454555041004e+01
-1.450850133524915009e+01
-1.379999999999999716e+01
-1.309149866475084600e+01
-1.238582545444959138e+01
-1.167592034735024420e+01
-1.096952280639442634e+01
-1.026210450249819850e+01
-9.552705862296086536e+00
-8.847294137703915595e+00
-8.137895497501794750e+00
-7.430477193605570463e+00
-6.724079652649755268e+00
-6.014174545550405426e+00
-5.308501335249149022e+00
-4.599999999999997868e+00
-3.891498664750848491e+00
-3.185825454449589422e+00
-2.475920347350244910e+00
-1.769522806394428383e+00
-1.062104502498204983e+00
-3.527058622960851375e-01
3.527058622960881906e-01
1.062104502498208092e+00
1.769522806394428160e+00
2.475920347350244022e+00
3.185825454449592087e+00
3.891498664750852488e+00
4.600000000000001421e+00
5.308501335249149022e+00
6.014174545550407203e+00
6.724079652649756156e+00
7.430477193605572239e+00
8.137895497501798303e+00
8.847294137703912043e+00
9.552705862296086536e+00
1.026210450249820028e+01
1.096952280639442989e+01
1.167592034735024598e+01
1.238582545444959138e+01
1.309149866475084956e+01
1.380000000000000071e+01
1.450850133524915009e+01
1.521417454555041004e+01
1.592407965264974123e+01
1.663047719360557863e+01
1.733789549750179759e+01
-1.733789549750179049e+01
-1.663047719360557153e+01
-1.592407965264975545e+01
-1.521417454555040294e+01
-1.450850133524914831e+01
-1.380000000000000249e+01
-1.309149866475085311e+01
-1.238582545444959138e+01
-1.167592034735024065e+01
-1.096952280639442279e+01
-1.026210450249820738e+01
-9.552705862296086536e+00
-8.847294137703912043e+00
-8.137895497501794750e+00
-7.430477193605572239e+00
-6.724079652649751715e+00
-6.014174545550407203e+00
-5.308501335249152575e+00
-4.599999999999996980e+00
-3.891498664750849379e+00
-3.185825454449589866e+00
-2.475920347350245798e+00
-1.769522806394427050e+00
-1.062104502498205205e+00
-3.527058622960852485e-01
3.527058622960883016e-01
1.062104502498208092e+00
1.769522806394426606e+00
2.475920347350244022e+00
3.185825454449592975e+00
3.891498664750852932e+00
4.600000000000001421e+00
5.308501335249152575e+00
6.014174545550408979e+00
6.724079652649753491e+00
7.430477193605574904e+00
8.137895497501796527e+00
8.847294137703910266e+00
9.552705862296088313e+00
1.026210450249821093e+01
1.096952280639442279e+01
1.167592034735024598e+01
1.238582545444959138e+01
1.309149866475085489e+01
1.380000000000000426e+01
1.450850133524915009e+01
1.521417454555040649e+01
1.592407965264975545e+01
1.663047719360557508e+01
1.733789549750179049e+01
-1.733789549750179759e+01
-1.663047719360556442e+01
-1.592407965264975900e+01
-1.521417454555040294e+01
-1.450850133524915009e+01
-1.380000000000000071e+01
-1.309149866475084245e+01
-1.238582545444958960e+01
-1.167592034735023709e+01
-1.096952280639442456e+01
-1.026210450249820560e+01
-9.552705862296090089e+00
-8.847294137703913819e+00
-8.137895497501792974e+00
-7.430477193605568687e+00
-6.724079652649756156e+00
-6.014174545550407203e+00
-5.308501335249150799e+00
-4.599999999999997868e+00
-3.891498664750847603e+00
-3.185825454449590310e+00
-2.475920347350244910e+00
-1.769522806394427716e+00
-1.062104502498205871e+00
-3.527058622960850265e-01
3.527058622960881351e-01
1.062104502498208536e+00
1.769522806394427494e+00
2.475920347350244022e+00
3.185825454449592975e+00
3.891498664750851155e+00
4.600000000000002309e+00
5.308501335249150799e+00
6.014174545550408979e+00
6.724079652649757932e+00
7.430477193605570463e+00
8.137895497501794750e+00
8.847294137703912043e+00
9.552705862296090089e+00
1.026210450249820560e+01
1.096952280639442456e+01
1.167592034735024242e+01
1.238582545444958782e+01
1.309149866475084778e+01
1.380000000000000426e+01
1.450850133524914831e+01
1.521417454555040294e+01
1.592407965264975545e+01
1.663047719360557508e+01
1.733789549750179759e+01
-1.733789549750179049e+01
-1.663047719360557508e+01
-1.592407965264975545e+01
-1.521417454555041004e+01
-1.450850133524915364e+01
-1.379999999999999716e+01
-1.309149866475084423e+01
-1.238582545444959138e+01
-1.167592034735024420e+01
-1.096952280639442634e+01
-1.026210450249820738e+01
-9.552705862296088313e+00
-8.847294137703915595e+00
-8.137895497501792974e+00
-7.430477193605569575e+00
-6.724079652649756156e+00
-6.014174545550406314e+00
-5.308501335249151687e+00
-4.599999999999999645e+00
-3.891498664750847603e+00
-3.185825454449590310e+00
-2.475920347350244910e+00
-1.769522806394428383e+00
-1.062104502498204983e+00
-3.527058622960851375e-01
3.527058622960882461e-01
1.062104502498208314e+00
1.769522806394427938e+00
2.475920347350244022e+00
3.185825454449592087e+00
3.891498664750851155e+00
4.600000000000003197e+00
5.308501335249152575e+00
6.014174545550408979e+00
6.724079652649756156e+00
7.430477193605572239e+00
8.137895497501796527e+00
8.847294137703913819e+00
9.552705862296090089e+00
1.026210450249820738e+01
1.096952280639442634e+01
1.167592034735024598e+01
1.238582545444958960e+01
1.309149866475084956e+01
1.379999999999999893e+01
1.450850133524915542e+01
1.521417454555041004e+01
1.592407965264975545e+01
1.663047719360558574e+01
1.733789549750179049e+01
-1.733789549750179049e+01
-1.663047719360557153e+01
-1.592407965264975545e+01
-1.521417454555041004e+01
-1.450850133524915009e+01
-1.379999999999999716e+01
-1.309149866475085133e+01
-1.238582545444959315e+01
-1.167592034735024598e+01
-1.096952280639442634e+01
-1.026210450249820383e+01
-9.552705862296084760e+00
-8.847294137703915595e+00
-8.137895497501794750e+00
-7.430477193605568687e+00
-6.724079652649754379e+00
-6.014174545550408091e+00
-5.308501335249150799e+00
-4.599999999999998757e+00
-3.891498664750847158e+00
-3.185825454449589422e+00
-2.475920347350244910e+00
-1.769522806394427938e+00
-1.062104502498204983e+00
-3.527058622960851930e-01
3.527058622960883016e-01
1.062104502498207648e+00
1.769522806394427716e+00
2.475920347350244022e+00
3.185825454449592975e+00
3.891498664750850711e+00
4.600000000000003197e+00
5.308501335249152575e+00
6.014174545550408979e+00
6.724079652649756156e+00
7.430477193605570463e+00
8.137895497501798303e+00
8.847294137703912043e+00
9.552705862296086536e+00
1.026210450249820560e+01
1.096952280639442989e+01
1.167592034735024598e+01
1.238582545444959315e+01
1.309149866475085133e+01
1.380000000000000071e+01
1.450850133524915009e+01
1.521417454555041004e+01
1.592407965264975189e+01
1.663047719360557863e+01
1.733789549750179049e+01
-1.733789549750179759e+01
-1.663047719360557153e+01
-1.592407965264975545e+01
-1.521417454555040827e+01
-1.450850133524915009e+01
-1.379999999999999361e+01
-1.309149866475084956e+01
-1.238582545444958427e+01
-1.167592034735024420e+01
-1.096952280639442279e+01
-1.026210450249820028e+01
-9.552705862296090089e+00
-8.847294137703919148e+00
-8.137895497501794750e+00
-7.430477193605570463e+00
-6.724079652649752603e+00
-6.014174545550407203e+00
-5.308501335249149022e+00
-4.599999999999997868e+00
-3.891498664750847603e+00
-3.185825454449589422e+00
-2.475920347350245798e+00
-1.769522806394427938e+00
-1.062104502498205427e+00
-3.527058622960852485e-01
3.527058622960883572e-01
1.062104502498208536e+00
1.769522806394427716e+00
2.475920347350244910e+00
3.185825454449592975e+00
3.891498664750851155e+00
4.600000000000001421e+00
5.308501335249150799e+00
6.014174545550408979e+00
6.724079652649754379e+00
7.430477193605574016e+00
8.137895497501798303e+00
8.847294137703915595e+00
9.552705862296090089e+00
1.026210450249820383e+01
1.096952280639442634e+01
1.167592034735024598e+01
1.238582545444958249e+01
1.309149866475085844e+01
1.379999999999999716e+01
1.450850133524914654e+01
1.521417454555041004e+01
1.592407965264975545e+01
1.663047719360557863e+01
1.733789549750179404e+01
-1.733789549750179759e+01
-1.663047719360556798e+01
-1.592407965264975545e+01
-1.521417454555040827e+01
-1.450850133524914298e+01
-1.380000000000000426e+01
-1.309149866475084778e+01
-1.238582545444959138e+01
-1.167592034735024242e+01
-1.096952280639442279e+01
-1.026210450249820383e+01
-9.552705862296086536e+00
-8.847294137703915595e+00
-8.137895497501794750e+00
-7.430477193605572239e+00
-6.724079652649752603e+00
-6.014174545550407203e+00
-5.308501335249149911e+00
-4.599999999999998757e+00
-3.891498664750847603e+00
-3.185825454449590310e+00
-2.475920347350245798e+00
-1.769522806394427938e+00
-1.062104502498204983e+00
-3.527058622960853040e-01
3.527058622960883572e-01
1.062104502498208092e+00
1.769522806394427716e+00
2.475920347350244910e+00
3.185825454449592975e+00
3.891498664750851155e+00
4.600000000000003197e+00
5.308501335249150799e+00
6.014174545550410755e+00
6.724079652649756156e+00
7.430477193605574016e+00
8.137895497501796527e+00
8.847294137703912043e+00
9.552705862296086536e+00
1.026210450249820560e+01
1.096952280639442634e+01
1.167592034735024242e+01
1.238582545444959138e+01
1.309149866475085133e+01
1.380000000000001137e+01
1.450850133524914476e+01
1.521417454555041360e+01
1.592407965264975367e+01
1.663047719360558219e+01
1.733789549750179759e+01
-1.733789549750179759e+01
-1.663047719360556798e+01
-1.592407965264975367e+01
-1.521417454555041004e+01
-1.450850133524915009e+01
-1.379999999999999716e+01
-1.309149866475084778e+01
-1.238582545444959138e+01
-1.167592034735023887e+01
-1.096952280639442279e+01
-1.026210450249820738e+01
-9.552705862296084760e+00
-8.847294137703919148e+00
-8.137895497501792974e+00
-7.430477193605570463e+00
-6.724079652649755268e+00
-6.014174545550407203e+00
-5.308501335249149022e+00
-4.599999999999999645e+00
-3.891498664750848935e+00
-3.185825454449589866e+00
-2.475920347350244910e+00
-1.769522806394428383e+00
-1.062104502498205427e+00
-3.527058622960851375e-01
3.527058622960881351e-01
1.062104502498208758e+00
1.769522806394427938e+00
2.475920347350244022e+00
3.185825454449592087e+00
3.891498664750852043e+00
4.600000000000004086e+00
5.308501335249149022e+00
6.014174545550410755e+00
6.724079652649757044e+00
7.430477193605572239e+00
8.137895497501798303e+00
8.847294137703913819e+00
9.552705862296086536e+00
1.026210450249820738e+01
1.096952280639442634e+01
1.167592034735023887e+01
1.238582545444958960e+01
1.309149866475085311e+01
1.380000000000000071e+01
1.450850133524914654e+01
1.521417454555041004e+01
1.592407965264975189e+01
1.663047719360557863e+01
1.733789549750179759e+01
-1.733789549750179759e+01
-1.663047719360556087e+01
-1.592407965264975189e+01
-1.521417454555041182e+01
-1.450850133524915009e+01
-1.380000000000000071e+01
-1.309149866475084600e+01
-1.238582545444958782e+01
-1.167592034735024420e+01
-1.096952280639442634e+01
-1.026210450249820205e+01
-9.552705862296084760e+00
-8.847294137703915595e+00
-8.137895497501796527e+00
-7.430477193605570463e+00
-6.724079652649752603e+00
-6.014174545550407203e+00
-5.308501335249149022e+00
-4.599999999999998757e+00
-3.891498664750848491e+00
-3.185825454449589422e+00
-2.475920347350244022e+00
-1.769522806394428160e+00
-1.062104502498205427e+00
-3.527058622960851930e-01
3.527058622960884682e-01
1.062104502498208536e+00
1.769522806394427494e+00
2.475920347350244022e+00
3.185825454449591643e+00
3.891498664750851155e+00
4.600000000000003197e+00
5.308501335249149022e+00
6.014174545550408979e+00
6.724079652649754379e+00
7.430477193605574016e+00
8.137895497501798303e+00
8.847294137703912043e+00
9.552705862296086536e+00
1.026210450249820738e+01
1.096952280639442634e+01
1.167592034735025130e+01
1.238582545444958782e+01
1.309149866475085133e+01
1.379999999999999893e+01
1.450850133524914831e+01
1.521417454555041004e+01
1.592407965264975189e+01
1.663047719360557153e+01
1.733789549750179404e+01
-1.733789549750179759e+01
-1.663047719360557153e+01
-1.592407965264975900e+01
-1.521417454555040649e+01
-1.450850133524915009e+01
-1.379999999999999893e+01
-1.309149866475084956e+01
-1.238582545444959315e+01
-1.167592034735024598e+01
-1.096952280639442634e+01
-1.026210450249820738e+01
-9.552705862296082984e+00
-8.847294137703913819e+00
-8.137895497501794750e+00
-7.430477193605569575e+00
-6.724079652649757932e+00
-6.014174545550406314e+00
-5.308501335249149911e+00
-4.600000000000001421e+00
-3.891498664750848491e+00
-3.185825454449589866e+00
-2.475920347350244910e+00
-1.769522806394427494e+00
-1.062104502498205427e+00
-3.527058622960851375e-01
3.527058622960883016e-01
1.062104502498208314e+00
1.769522806394427272e+00
2.475920347350244910e+00
3.185825454449592087e+00
3.891498664750851155e+00
4.600000000000004974e+00
5.308501335249152575e+00
6.014174545550408979e+00
6.724079652649759709e+00
7.430477193605572239e+00
8.137895497501794750e+00
8.847294137703913819e+00
9.552705862296084760e+00
1.026210450249820738e+01
1.096952280639442634e+01
1.167592034735024953e+01
1.238582545444959138e+01
1.309149866475085133e+01
1.380000000000000426e+01
1.450850133524915009e+01
1.521417454555040827e+01
1.592407965264975545e+01
1.663047719360557863e+01
1.733789549750179049e+01
-1.733789549750179759e+01
-1.663047719360556442e+01
-1.592407965264975545e+01
-1.521417454555040649e+01
-1.450850133524914831e+01
-1.379999999999999716e+01
-1.309149866475084778e+01
-1.238582545444959138e+01
-1.167592034735024775e+01
-1.096952280639442279e+01
-1.026210450249820738e+01
-9.552705862296088313e+00
-8.847294137703913819e+00
-8.137895497501794750e+00
-7.430477193605573127e+00
-6.724079652649754379e+00
-6.014174545550406314e+00
-5.308501335249150799e+00
-4.599999999999997868e+00
-3.891498664750848491e+00
-3.185825454449589422e+00
-2.475920347350244910e+00
-1.769522806394427716e+00
-1.062104502498204983e+00
-3.527058622960853596e-01
3.527058622960883572e-01
1.062104502498208092e+00
1.769522806394427494e+00
2.475920347350244022e+00
3.185825454449592087e+00
3.891498664750852932e+00
4.600000000000002309e+00
5.308501335249151687e+00
6.014174545550408091e+00
6.724079652649756156e+00
7.430477193605574904e+00
8.137895497501798303e+00
8.847294137703912043e+00
9.552705862296086536e+00
1.026210450249820916e+01
1.096952280639442279e+01
1.167592034735025130e+01
1.238582545444958782e+01
1.309149866475084778e+01
1.380000000000000071e+01
1.450850133524914831e+01
1.521417454555040827e+01
1.592407965264975545e+01
1.663047719360557863e+01
1.733789549750179759e+01
-1.733789549750179759e+01
-1.663047719360556442e+01
-1.592407965264975545e+01
-1.521417454555039939e+01
-1.450850133524915009e+01
-1.379999999999999716e+01
-1.309149866475084778e+01
-1.238582545444959138e+01
-1.167592034735024775e+01
-1.096952280639442634e+01
-1.026210450249820560e+01
-9.552705862296086536e+00
-8.847294137703915595e+00
-8.137895497501794750e+00
-7.430477193605572239e+00
-6.724079652649755268e+00
-6.014174545550407203e+00
-5.308501335249149911e+00
-4.600000000000001421e+00
-3.891498664750848935e+00
-3.185825454449588534e+00
-2.475920347350244022e+00
-1.769522806394427494e+00
-1.062104502498205427e+00
-3.527058622960853596e-01
3.527058622960883016e-01
1.062104502498208314e+00
1.769522806394427494e+00
2.475920347350243578e+00
3.185825454449592087e+00
3.891498664750852043e+00
4.600000000000004974e+00
5.308501335249150799e+00
6.014174545550408979e+00
6.724079652649757932e+00
7.430477193605574904e+00
8.137895497501796527e+00
8.847294137703915595e+00
9.552705862296088313e+00
1.026210450249821093e+01
1.096952280639442634e+01
1.167592034735024953e+01
1.238582545444958960e+01
1.309149866475085133e+01
1.380000000000000071e+01
1.450850133524915009e+01
1.521417454555039583e+01
1.592407965264975545e+01
1.663047719360557508e+01
1.733789549750179049e+01
-1.733789549750179759e+01
-1.663047719360557153e+01
-1.592407965264976255e+01
-1.521417454555041004e+01
-1.450850133524915009e+01
-1.379999999999999361e+01
-1.309149866475084778e+01
-1.238582545444959138e+01
-1.167592034735024420e+01
-1.096952280639442634e+01
-1.026210450249820205e+01
-9.552705862296084760e+00
-8.847294137703913819e+00
-8.137895497501794750e+00
-7.430477193605569575e+00
-6.724079652649757044e+00
-6.014174545550406314e+00
-5.308501335249150799e+00
-4.599999999999997868e+00
-3.891498664750847603e+00
-3.185825454449589422e+00
-2.475920347350244466e+00
-1.769522806394427938e+00
-1.062104502498205427e+00
-3.527058622960853596e-01
3.527058622960883016e-01
1.062104502498208536e+00
1.769522806394427494e+00
2.475920347350244466e+00
3.185825454449591199e+00
3.891498664750850711e+00
4.600000000000002309e+00
5.308501335249150799e+00
6.014174545550408091e+00
6.724079652649757932e+00
7.430477193605574016e+00
8.137895497501798303e+00
8.847294137703913819e+00
9.552705862296086536e+00
1.026210450249820738e+01
1.096952280639442812e+01
1.167592034735024598e+01
1.238582545444958782e+01
1.309149866475085133e+01
1.379999999999999716e+01
1.450850133524914831e+01
1.521417454555040827e+01
1.592407965264976077e+01
1.663047719360557863e+01
1.733789549750179049e+01
-1.733789549750179404e+01
-1.663047719360557153e+01
-1.592407965264975900e+01
-1.521417454555040827e+01
-1.450850133524914476e+01
-1.379999999999999893e+01
-1.309149866475084600e+01
-1.238582545444958960e+01
-1.167592034735024242e+01
-1.096952280639442279e+01
-1.026210450249820383e+01
-9.552705862296086536e+00
-8.847294137703915595e+00
-8.137895497501792974e+00
-7.430477193605569575e+00
-6.724079652649754379e+00
-6.014174545550406314e+00
-5.308501335249152575e+00
-4.599999999999998757e+00
-3.891498664750848491e+00
-3.185825454449589422e+00
-2.475920347350245354e+00
-1.769522806394427938e+00
-1.062104502498205649e+00
-3.527058622960854706e-01
3.527058622960883572e-01
1.062104502498208314e+00
1.769522806394427494e+00
2.475920347350244910e+00
3.185825454449592087e+00
3.891498664750852932e+00
4.600000000000003197e+00
5.308501335249152575e+00
6.014174545550407203e+00
6.724079652649757932e+00
7.430477193605572239e+00
8.137895497501792974e+00
8.847294137703915595e+00
9.552705862296090089e+00
1.026210450249820383e+01
1.096952280639442634e+01
1.167592034735024420e+01
1.238582545444958605e+01
1.309149866475085133e+01
1.380000000000000426e+01
1.450850133524914654e+01
1.521417454555041004e+01
1.592407965264975900e+01
1.663047719360557508e+01
1.733789549750179759e+01
-1.733789549750179049e+01
-1.663047719360557153e+01
-1.592407965264975545e+01
-1.521417454555040294e+01
-1.450850133524914654e+01
-1.379999999999999893e+01
-1.309149866475084600e+01
-1.238582545444958782e+01
-1.167592034735024242e+01
-1.096952280639442456e+01
-1.026210450249820383e+01
-9.552705862296086536e+00
-8.847294137703913819e+00
-8.137895497501792974e+00
-7.430477193605570463e+00
-6.724079652649754379e+00
-6.014174545550406314e+00
-5.308501335249148134e+00
-4.599999999999998757e+00
-3.891498664750847158e+00
-3.185825454449590310e+00
-2.475920347350244466e+00
-1.769522806394427494e+00
-1.062104502498205427e+00
-3.527058622960852485e-01
3.527058622960882461e-01
1.062104502498208314e+00
1.769522806394427272e+00
2.475920347350243134e+00
3.185825454449593863e+00
3.891498664750851155e+00
4.600000000000003197e+00
5.308501335249149022e+00
6.014174545550407203e+00
6.724079652649757932e+00
7.430477193605574904e+00
8.137895497501794750e+00
8.847294137703913819e+00
9.552705862296086536e+00
1.026210450249820916e+01
1.096952280639442812e+01
1.167592034735024598e+01
1.238582545444958782e+01
1.309149866475085311e+01
1.380000000000000071e+01
1.450850133524914654e+01
1.521417454555039583e+01
1.592407965264975900e+01
1.663047719360557863e+01
1.733789549750179049e+01
-1.733789549750179049e+01
-1.663047719360557508e+01
-1.592407965264975900e+01
-1.521417454555040649e+01
-1.450850133524915009e+01
-1.380000000000000071e+01
-1.309149866475084778e+01
-1.238582545444958782e+01
-1.167592034735024242e+01
-1.096952280639442279e+01
-1.026210450249820738e+01
-9.552705862296086536e+00
-8.847294137703915595e+00
-8.137895497501794750e+00
-7.430477193605570463e+00
-6.724079652649754379e+00
-6.014174545550405426e+00
-5.308501335249149022e+00
-4.599999999999997868e+00
-3.891498664750846714e+00
-3.185825454449590310e+00
-2.475920347350245798e+00
-1.769522806394427494e+00
-1.062104502498204983e+00
-3.527058622960852485e-01
3.527058622960882461e-01
1.062104502498208092e+00
1.769522806394427494e+00
2.475920347350244910e+00
3.185825454449592975e+00
3.891498664750849379e+00
4.600000000000003197e+00
5.308501335249150799e+00
6.014174545550410755e+00
6.724079652649756156e+00
7.430477193605574016e+00
8.137895497501798303e+00
8.847294137703913819e+00
9.552705862296086536e+00
1.026210450249820738e+01
1.096952280639442634e+01
1.167592034735024242e+01
1.238582545444958427e+01
1.309149866475085133e+01
1.380000000000000071e+01
1.450850133524915009e+01
1.521417454555041360e+01
1.592407965264975545e+01
1.663047719360557863e+01
1.733789549750179404e+01
-1.733789549750179759e+01
-1.663047719360557153e+01
-1.592407965264975900e+01
-1.521417454555040649e+01
-1.450850133524914831e+01
-1.380000000000000426e+01
-1.309149866475084778e+01
-1.238582545444959138e+01
-1.167592034735023887e+01
-1.096952280639442634e+01
-1.026210450249820383e+01
-9.552705862296090089e+00
-8.847294137703917372e+00
-8.137895497501791198e+00
-7.430477193605569575e+00
-6.724079652649754379e+00
-6.014174545550407203e+00
-5.308501335249149022e+00
-4.599999999999999645e+00
-3.891498664750848491e+00
-3.185825454449589422e+00
-2.475920347350244910e+00
-1.769522806394427716e+00
-1.062104502498204983e+00
-3.527058622960853596e-01
3.527058622960882461e-01
1.062104502498208314e+00
1.769522806394427494e+00
2.475920347350244022e+00
3.185825454449592087e+00
3.891498664750852043e+00
4.600000000000004974e+00
5.308501335249150799e+00
6.014174545550408979e+00
6.724079652649756156e+00
7.430477193605571351e+00
8.137895497501794750e+00
8.847294137703915595e+00
9.552705862296090089e+00
1.026210450249820560e+01
1.096952280639442634e+01
1.167592034735024242e+01
1.238582545444959138e+01
1.309149866475084778e+01
1.380000000000001137e+01
1.450850133524914476e+01
1.521417454555040649e+01
1.592407965264975545e+01
1.663047719360557863e+01
1.733789549750179404e+01
-1.733789549750179404e+01
-1.663047719360557508e+01
-1.592407965264975545e+01
-1.521417454555041004e+01
-1.450850133524914831e+01
-1.379999999999999716e+01
-1.309149866475085133e+01
-1.238582545444958782e+01
-1.167592034735024420e+01
-1.096952280639442279e+01
-1.026210450249820738e+01
-9.552705862296086536e+00
-8.847294137703912043e+00
-8.137895497501792974e+00
-7.430477193605570463e+00
-6.724079652649753491e+00
-6.014174545550408091e+00
-5.308501335249150799e+00
-4.599999999999998757e+00
-3.891498664750847158e+00
-3.185825454449590310e+00
-2.475920347350244910e+00
-1.769522806394427272e+00
-1.062104502498205649e+00
-3.527058622960853596e-01
3.527058622960881351e-01
1.062104502498208758e+00
1.769522806394427938e+00
2.475920347350244466e+00
3.185825454449592975e+00
3.891498664750851155e+00
4.600000000000003197e+00
5.308501335249150799e+00
6.014174545550408979e+00
6.724079652649756156e+00
7.430477193605574904e+00
8.137895497501798303e+00
8.847294137703913819e+00
9.552705862296086536e+00
1.026210450249821093e+01
1.096952280639442634e+01
1.167592034735024953e+01
1.238582545444958782e+01
1.309149866475085489e+01
1.380000000000000071e+01
1.450850133524914654e+01
1.521417454555040649e+01
1.592407965264975367e+01
1.663047719360557863e+01
1.733789549750179049e+01
-1.733789549750179759e+01
-1.663047719360557153e+01
-1.592407965264975189e+01
-1.521417454555040827e+01
-1.450850133524914654e+01
-1.379999999999999716e+01
-1.309149866475084423e+01
-1.238582545444959493e+01
-1.167592034735024242e+01
-1.096952280639442634e+01
-1.026210450249820560e+01
-9.552705862296086536e+00
-8.847294137703917372e+00
-8.137895497501796527e+00
-7.430477193605574016e+00
-6.724079652649754379e+00
-6.014174545550403650e+00
-5.308501335249149022e+00
-4.599999999999998757e+00
-3.891498664750848491e+00
-3.185825454449588534e+00
-2.475920347350244466e+00
-1.769522806394428160e+00
-1.062104502498205427e+00
-3.527058622960853596e-01
3.527058622960880241e-01
1.062104502498208314e+00
1.769522806394428160e+00
2.475920347350244022e+00
3.185825454449591199e+00
3.891498664750852043e+00
4.600000000000003197e+00
5.308501335249149022e+00
6.014174545550405426e+00
6.724079652649756156e+00
7.430477193605577568e+00
8.137895497501798303e+00
8.847294137703913819e+00
9.552705862296090089e+00
1.026210450249820738e+01
1.096952280639442989e+01
1.167592034735024775e+01
1.238582545444959493e+01
1.309149866475085133e+01
1.380000000000000071e+01
1.450850133524914654e+01
1.521417454555041004e+01
1.592407965264975189e+01
1.663047719360557863e+01
1.733789549750179404e+01
-1.733789549750179404e+01
-1.663047719360557153e+01
-1.592407965264975900e+01
-1.521417454555041360e+01
-1.450850133524914654e+01
-1.380000000000000071e+01
-1.309149866475084956e+01
-1.238582545444958960e+01
-1.167592034735024598e+01
-1.096952280639442634e+01
-1.026210450249820738e+01
-9.552705862296082984e+00
-8.847294137703913819e+00
-8.137895497501794750e+00
-7.430477193605573127e+00
-6.724079652649754379e+00
-6.014174545550408091e+00
-5.308501335249149022e+00
-4.599999999999997868e+00
-3.891498664750848491e+00
-3.185825454449589422e+00
-2.475920347350244910e+00
-1.769522806394427494e+00
-1.062104502498205427e+00
-3.527058622960855816e-01
3.527058622960880796e-01
1.062104502498208536e+00
1.769522806394427494e+00
2.475920347350244022e+00
3.185825454449592087e+00
3.891498664750850267e+00
4.600000000000000533e+00
5.308501335249149022e+00
6.014174545550409867e+00
6.724079652649757932e+00
7.430477193605575792e+00
8.137895497501794750e+00
8.847294137703912043e+00
9.552705862296086536e+00
1.026210450249821093e+01
1.096952280639442634e+01
1.167592034735024953e+01
1.238582545444958782e+01
1.309149866475085489e+01
1.380000000000000604e+01
1.450850133524914654e+01
1.521417454555041537e+01
1.592407965264975367e+01
1.663047719360557508e+01
1.733789549750179404e+01
-1.733789549750179759e+01
-1.663047719360557153e+01
-1.592407965264975545e+01
-1.521417454555040827e+01
-1.450850133524914654e+01
-1.380000000000000249e+01
-1.309149866475084778e+01
-1.238582545444959493e+01
-1.167592034735024242e+01
-1.096952280639442634e+01
-1.026210450249820383e+01
-9.552705862296090089e+00
-8.847294137703913819e+00
-8.137895497501792974e+00
-7.430477193605568687e+00
-6.724079652649753491e+00
-6.014174545550409867e+00
-5.308501335249147246e+00
-4.599999999999999645e+00
-3.891498664750847603e+00
-3.185825454449589422e+00
-2.475920347350244022e+00
-1.769522806394428383e+00
-1.062104502498205649e+00
-3.527058622960855816e-01
3.527058622960880796e-01
1.062104502498208092e+00
1.769522806394427494e+00
2.475920347350243134e+00
3.185825454449592531e+00
3.891498664750852043e+00
4.600000000000004086e+00
5.308501335249149022e+00
6.014174545550410755e+00
6.724079652649755268e+00
7.430477193605568687e+00
8.137895497501794750e+00
8.847294137703912043e+00
9.552705862296086536e+00
1.026210450249820383e+01
1.096952280639442634e+01
1.167592034735024775e+01
1.238582545444959138e+01
1.309149866475084956e+01
1.380000000000000249e+01
1.450850133524914654e+01
1.521417454555041004e+01
1.592407965264975367e+01
1.663047719360557863e+01
1.733789549750179759e+01
-1.733789549750179759e+01
-1.663047719360556442e+01
-1.592407965264975367e+01
-1.521417454555041004e+01
-1.450850133524914654e+01
-1.379999999999999716e+01
-1.309149866475084600e+01
-1.238582545444959848e+01
-1.167592034735024420e+01
-1.096952280639442812e+01
-1.026210450249820383e+01
-9.552705862296086536e+00
-8.847294137703915595e+00
-8.137895497501792974e+00
-7.430477193605568687e+00
-6.724079652649754379e+00
-6.014174545550407203e+00
-5.308501335249149022e+00
-4.599999999999997868e+00
-3.891498664750847603e+00
-3.185825454449588090e+00
-2.475920347350244910e+00
-1.769522806394428383e+00
-1.062104502498205427e+00
-3.527058622960854151e-01
3.527058622960881351e-01
1.062104502498208092e+00
1.769522806394427938e+00
2.475920347350244022e+00
3.185825454449591199e+00
3.891498664750851155e+00
4.600000000000003197e+00
5.308501335249149022e+00
6.014174545550408979e+00
6.724079652649757932e+00
7.430477193605574016e+00
8.137895497501796527e+00
8.847294137703912043e+00
9.552705862296088313e+00
1.026210450249820738e+01
1.096952280639442812e+01
1.167592034735024953e+01
1.238582545444959493e+01
1.309149866475085133e+01
1.379999999999999893e+01
1.450850133524914831e+01
1.521417454555041360e+01
1.592407965264975189e+01
1.663047719360557508e+01
1.733789549750179049e+01
-1.733789549750179759e+01
-1.663047719360557153e+01
-1.592407965264975367e+01
-1.521417454555040472e+01
-1.450850133524915009e+01
-1.379999999999999538e+01
-1.309149866475085489e+01
-1.238582545444958782e+01
-1.167592034735024242e+01
-1.096952280639442456e+01
-1.026210450249820383e+01
-9.552705862296082984e+00
-8.847294137703912043e+00
-8.137895497501796527e+00
-7.430477193605568687e+00
-6.724079652649754379e+00
-6.014174545550408091e+00
-5.308501335249147246e+00
-4.599999999999997868e+00
-3.891498664750848935e+00
-3.185825454449588978e+00
-2.475920347350245798e+00
-1.769522806394427494e+00
-1.062104502498205427e+00
-3.527058622960850820e-01
3.527058622960881351e-01
1.062104502498208092e+00
1.769522806394426606e+00
2.475920347350244466e+00
3.185825454449592087e+00
3.891498664750852932e+00
4.600000000000001421e+00
5.308501335249149022e+00
6.014174545550409867e+00
6.724079652649757044e+00
7.430477193605572239e+00
8.137895497501798303e+00
8.847294137703912043e+00
9.552705862296082984e+00
1.026210450249820738e+01
1.096952280639442634e+01
1.167592034735024420e+01
1.238582545444959138e+01
1.309149866475085844e+01
1.379999999999999716e+01
1.450850133524914654e+01
1.521417454555040649e+01
1.592407965264975189e+01
1.663047719360557863e+01
1.733789549750179759e+01
-1.733789549750179049e+01
-1.663047719360557508e+01
-1.592407965264975189e+01
-1.521417454555040827e+01
-1.450850133524914298e+01
-1.380000000000000071e+01
-1.309149866475084423e+01
-1.238582545444959138e+01
-1.167592034735024065e+01
-1.096952280639442279e+01
-1.026210450249820383e+01
-9.552705862296082984e+00
-8.847294137703913819e+00
-8.137895497501794750e+00
-7.430477193605568687e+00
-6.724079652649757044e+00
-6.014174545550406314e+00
-5.308501335249150799e+00
-4.599999999999998757e+00
-3.891498664750847603e+00
-3.185825454449590310e+00
-2.475920347350244910e+00
-1.769522806394428605e+00
-1.062104502498205205e+00
-3.527058622960850820e-01
3.527058622960883572e-01
1.062104502498208092e+00
1.769522806394427938e+00
2.475920347350243134e+00
3.185825454449593863e+00
3.891498664750852043e+00
4.600000000000003197e+00
5.308501335249150799e+00
6.014174545550407203e+00
6.724079652649757932e+00
7.430477193605571351e+00
8.137895497501798303e+00
8.847294137703912043e+00
9.552705862296086536e+00
1.026210450249820738e+01
1.096952280639442634e+01
1.167592034735024598e+01
1.238582545444959138e+01
1.309149866475084956e+01
1.380000000000000071e+01
1.450850133524914654e+01
1.521417454555041360e+01
1.592407965264974834e+01
1.663047719360557863e+01
1.733789549750179049e+01
-1.733789549750179759e+01
-1.663047719360557153e+01
-1.592407965264975545e+01
-1.521417454555040649e+01
-1.450850133524915009e+01
-1.379999999999999361e+01
-1.309149866475084245e+01
-1.238582545444959138e+01
-1.167592034735024420e+01
-1.096952280639442634e+01
-1.026210450249820560e+01
-9.552705862296086536e+00
-8.847294137703915595e+00
-8.137895497501792974e+00
-7.430477193605573127e+00
-6.724079652649754379e+00
-6.014174545550405426e+00
-5.308501335249149911e+00
-4.599999999999997868e+00
-3.891498664750849379e+00
-3.185825454449590310e+00
-2.475920347350245798e+00
-1.769522806394427938e+00
-1.062104502498205205e+00
-3.527058622960850265e-01
3.527058622960885792e-01
1.062104502498207870e+00
1.769522806394426828e+00
2.475920347350244910e+00
3.185825454449592975e+00
3.891498664750852932e+00
4.600000000000003197e+00
5.308501335249150799e+00
6.014174545550408091e+00
6.724079652649756156e+00
7.430477193605575792e+00
8.137895497501796527e+00
8.847294137703913819e+00
9.552705862296086536e+00
1.026210450249820738e+01
1.096952280639442989e+01
1.167592034735024598e+01
1.238582545444958960e+01
1.309149866475084778e+01
1.379999999999999716e+01
1.450850133524915009e+01
1.521417454555040649e+01
1.592407965264975189e+01
1.663047719360557508e+01
1.733789549750179404e+01
-1.733789549750179404e+01
-1.663047719360557153e+01
-1.592407965264976255e+01
-1.521417454555040472e+01
-1.450850133524914654e+01
-1.379999999999999716e+01
-1.309149866475084600e+01
-1.238582545444959493e+01
-1.167592034735024242e+01
-1.096952280639442634e+01
-1.026210450249820383e+01
-9.552705862296088313e+00
-8.847294137703915595e+00
-8.137895497501794750e+00
-7.430477193605566022e+00
-6.724079652649756156e+00
-6.014174545550404538e+00
-5.308501335249147246e+00
-4.599999999999996092e+00
-3.891498664750848935e+00
-3.185825454449590310e+00
-2.475920347350245798e+00
-1.769522806394427494e+00
-1.062104502498205427e+00
-3.527058622960849155e-01
3.527058622960884682e-01
1.062104502498207870e+00
1.769522806394426606e+00
2.475920347350244910e+00
3.185825454449592975e+00
3.891498664750852932e+00
4.600000000000000533e+00
5.308501335249149022e+00
6.014174545550407203e+00
6.724079652649757932e+00
7.430477193605572239e+00
8.137895497501800079e+00
8.847294137703912043e+00
9.552705862296088313e+00
1.026210450249820738e+01
1.096952280639442812e+01
1.167592034735024598e+01
1.238582545444958782e+01
1.309149866475084956e+01
1.380000000000000071e+01
1.450850133524914831e+01
1.521417454555040649e+01
1.592407965264975900e+01
1.663047719360557153e+01
1.733789549750179049e+01
-1.733789549750179759e+01
-1.663047719360556798e+01
-1.592407965264975900e+01
-1.521417454555040827e+01
-1.450850133524914654e+01
-1.379999999999999005e+01
-1.309149866475084778e+01
-1.238582545444959138e+01
-1.167592034735024598e+01
-1.096952280639442634e+01
-1.026210450249820383e+01
-9.552705862296082984e+00
-8.847294137703917372e+00
-8.137895497501794750e+00
-7.430477193605570463e+00
-6.724079652649756156e+00
-6.014174545550408979e+00
-5.308501335249147246e+00
-4.599999999999997868e+00
-3.891498664750847603e+00
-3.185825454449589422e+00
-2.475920347350243134e+00
-1.769522806394427938e+00
-1.062104502498205205e+00
-3.527058622960850265e-01
3.527058622960883572e-01
1.062104502498208092e+00
1.769522806394427050e+00
2.475920347350242690e+00
3.185825454449592087e+00
3.891498664750851155e+00
4.600000000000001421e+00
5.308501335249149022e+00
6.014174545550408979e+00
6.724079652649758820e+00
7.430477193605574904e+00
8.137895497501798303e+00
8.847294137703915595e+00
9.552705862296086536e+00
1.026210450249820383e+01
1.096952280639442634e+01
1.167592034735024953e+01
1.238582545444959138e+01
1.309149866475085133e+01
1.379999999999999361e+01
1.450850133524915009e+01
1.521417454555041004e+01
1.592407965264975900e+01
1.663047719360557508e+01
1.733789549750179049e+01
-1.733789549750179404e+01
-1.663047719360556442e+01
-1.592407965264975367e+01
-1.521417454555040294e+01
-1.450850133524915364e+01
-1.379999999999999716e+01
-1.309149866475084245e+01
-1.238582545444958782e+01
-1.167592034735024598e+01
-1.096952280639442279e+01
-1.026210450249820383e+01
-9.552705862296084760e+00
-8.847294137703913819e+00
-8.137895497501796527e+00
-7.430477193605570463e+00
-6.724079652649753491e+00
-6.014174545550403650e+00
-5.308501335249149022e+00
-4.599999999999998757e+00
-3.891498664750848491e+00
-3.185825454449588534e+00
-2.475920347350244910e+00
-1.769522806394427494e+00
-1.062104502498204983e+00
-3.527058622960851930e-01
3.527058622960883016e-01
1.062104502498208092e+00
1.769522806394427494e+00
2.475920347350244022e+00
3.185825454449591199e+00
3.891498664750852932e+00
4.600000000000003197e+00
5.308501335249149911e+00
6.014174545550407203e+00
6.724079652649756156e+00
7.430477193605572239e+00
8.137895497501798303e+00
8.847294137703912043e+00
9.552705862296086536e+00
1.026210450249820560e+01
1.096952280639442634e+01
1.167592034735024775e+01
1.238582545444958782e+01
1.309149866475084423e+01
1.380000000000000071e+01
1.450850133524915009e+01
1.521417454555040294e+01
1.592407965264975367e+01
1.663047719360557153e+01
1.733789549750179404e+01
-1.733789549750179049e+01
-1.663047719360557153e+01
-1.592407965264975545e+01
-1.521417454555041004e+01
-1.450850133524915009e+01
-1.379999999999999716e+01
-1.309149866475084778e+01
-1.238582545444959138e+01
-1.167592034735024242e+01
-1.096952280639442456e+01
-1.026210450249820738e+01
-9.552705862296086536e+00
-8.847294137703915595e+00
-8.137895497501791198e+00
-7.430477193605570463e+00
-6.724079652649751715e+00
-6.014174545550407203e+00
-5.308501335249149022e+00
-4.599999999999997868e+00
-3.891498664750848491e+00
-3.185825454449589866e+00
-2.475920347350244466e+00
-1.769522806394427938e+00
-1.062104502498205205e+00
-3.527058622960852485e-01
3.527058622960881351e-01
1.062104502498208092e+00
1.769522806394427494e+00
2.475920347350244022e+00
3.185825454449592531e+00
3.891498664750850711e+00
4.600000000000001421e+00
5.308501335249150799e+00
6.014174545550408979e+00
6.724079652649756156e+00
7.430477193605575792e+00
8.137895497501794750e+00
8.847294137703912043e+00
9.552705862296086536e+00
1.026210450249820738e+01
1.096952280639442812e+01
1.167592034735024775e+01
1.238582545444959138e+01
1.309149866475085311e+01
1.380000000000000071e+01
1.450850133524915009e+01
1.521417454555041004e+01
1.592407965264975367e+01
1.663047719360557863e+01
1.733789549750179049e+01
