4.601757517193021951e-01
4.666979810630350611e-01
4.614334925384031560e-01
4.629548385596936599e-01
4.659313813898680601e-01
4.599724849538464055e-01
4.659313813900516910e-01
4.629548385596581883e-01
4.614334925382168051e-01
4.666979810629410808e-01
4.603592272608907354e-01
4.645785705747858541e-01
4.645785705747738636e-01
4.603592272608869052e-01
4.666979810630246805e-01
4.614334925383388741e-01
4.629548385596751192e-01
4.659313813900357593e-01
4.599724849537686344e-01
4.659313813900224921e-01
4.629548385596831128e-01
4.614334925383465347e-01
4.666979810630217385e-01
4.603592272608998393e-01
4.645785705748103345e-01
4.645785705748100569e-01
4.603592272609001168e-01
4.666979810630217940e-01
4.614334925383483665e-01
4.629548385596829463e-01
4.659313813900189394e-01
4.599724849537676907e-01
4.659313813900248791e-01
4.629548385596716220e-01
4.614334925383536956e-01
4.666979810630084713e-01
4.603592272608864056e-01
4.645785705747768612e-01
4.645785705747640937e-01
4.603592272609201008e-01
4.666979810629486303e-01
4.614334925382684305e-01
4.629548385596898852e-01
4.659313813900014534e-01
4.599724849539486571e-01
4.659313813899541024e-01
4.629548385596822246e-01
4.614334925383327679e-01
4.666979810631322612e-01
4.601757517193021951e-01
4.603592272607888169e-01
4.666979810631819992e-01
4.614334925383524744e-01
4.629548385596004567e-01
4.659313813900412549e-01
4.599724849537700222e-01
4.659313813899344514e-01
4.629548385597215820e-01
4.614334925383418162e-01
4.666979810630326742e-01
4.603592272609529634e-01
4.645785705747361716e-01
4.645785705747982886e-01
4.603592272608710290e-01
4.666979810630084713e-01
4.614334925383500874e-01
4.629548385596836679e-01
4.659313813900290979e-01
4.599724849537744631e-01
4.659313813900134438e-01
4.629548385596853333e-01
4.614334925383519748e-01
4.666979810630202397e-01
4.603592272608991176e-01
4.645785705748101679e-01
4.645785705748100014e-01
4.603592272608998393e-01
4.666979810630226821e-01
4.614334925383515862e-01
4.629548385596831128e-01
4.659313813900146650e-01
4.599724849537722426e-01
4.659313813900273216e-01
4.629548385596849447e-01
4.614334925383483665e-01
4.666979810629903747e-01
4.603592272608610925e-01
4.645785705748255445e-01
4.645785705747595973e-01
4.603592272609502989e-01
4.666979810629899861e-01
4.614334925382945762e-01
4.629548385597497817e-01
4.659313813899125800e-01
4.599724849538092686e-01
4.659313813898932066e-01
4.629548385596236604e-01
4.614334925383788422e-01
4.666979810630478842e-01
4.603592272608770797e-01
4.603592272605306346e-01
4.666979810630643710e-01
4.614334925384098174e-01
4.629548385596995441e-01
4.659313813900469170e-01
4.599724849538227578e-01
4.659313813900622381e-01
4.629548385596650717e-01
4.614334925384030450e-01
4.666979810630822456e-01
4.603592272608932334e-01
4.645785705747562111e-01
4.645785705748346484e-01
4.603592272608528768e-01
4.666979810630069170e-01
4.614334925383470343e-01
4.629548385596861104e-01
4.659313813900251011e-01
4.599724849537771276e-01
4.659313813900267665e-01
4.629548385596876647e-01
4.614334925383517527e-01
4.666979810630202397e-01
4.603592272608991176e-01
4.645785705748100569e-01
4.645785705748103345e-01
4.603592272608996727e-01
4.666979810630205172e-01
4.614334925383529185e-01
4.629548385596795601e-01
4.659313813900189394e-01
4.599724849537659144e-01
4.659313813900229362e-01
4.629548385596889970e-01
4.614334925383467567e-01
4.666979810630075831e-01
4.603592272608732494e-01
4.645785705748177730e-01
4.645785705747677574e-01
4.603592272608859615e-01
4.666979810630060843e-01
4.614334925383636876e-01
4.629548385596979898e-01
4.659313813901392876e-01
4.599724849537694116e-01
4.659313813900590184e-01
4.629548385596299331e-01
4.614334925384001029e-01
4.666979810630162429e-01
4.603592272607003322e-01
4.603592272608937330e-01
4.666979810629537373e-01
4.614334925382457819e-01
4.629548385596456428e-01
4.659313813900012868e-01
4.599724849536573901e-01
4.659313813899908507e-01
4.629548385595671500e-01
4.614334925382556629e-01
4.666979810628913428e-01
4.603592272608724723e-01
4.645785705747765837e-01
4.645785705748263772e-01
4.603592272609017266e-01
4.666979810630408898e-01
4.614334925383108965e-01
4.629548385596849447e-01
4.659313813900151091e-01
4.599724849537695781e-01
4.659313813900207157e-01
4.629548385596816140e-01
4.614334925383528074e-01
4.666979810630189629e-01
4.603592272608991176e-01
4.645785705748100014e-01
4.645785705748103345e-01
4.603592272609001168e-01
4.666979810630208503e-01
4.614334925383563046e-01
4.629548385596799487e-01
4.659313813900171630e-01
4.599724849537650262e-01
4.659313813900157752e-01
4.629548385596847226e-01
4.614334925383307140e-01
4.666979810630452197e-01
4.603592272609051683e-01
4.645785705748142203e-01
4.645785705747793037e-01
4.603592272609005609e-01
4.666979810629274250e-01
4.614334925382538311e-01
4.629548385596838900e-01
4.659313813899705892e-01
4.599724849537699112e-01
4.659313813900619050e-01
4.629548385596845561e-01
4.614334925382981289e-01
4.666979810630190739e-01
4.603592272608157954e-01
4.603592272609174918e-01
4.666979810629651171e-01
4.614334925383384856e-01
4.629548385596812254e-01
4.659313813900877177e-01
4.599724849538462390e-01
4.659313813900382018e-01
4.629548385596321536e-01
4.614334925383926644e-01
4.666979810630412784e-01
4.603592272609096647e-01
4.645785705748253225e-01
4.645785705747986216e-01
4.603592272609356995e-01
4.666979810629929282e-01
4.614334925383471453e-01
4.629548385596939930e-01
4.659313813900148871e-01
4.599724849537686344e-01
4.659313813900233248e-01
4.629548385596841675e-01
4.614334925383498098e-01
4.666979810630200176e-01
4.603592272608991176e-01
4.645785705748096683e-01
4.645785705748101679e-01
4.603592272609000613e-01
4.666979810630202397e-01
4.614334925383504760e-01
4.629548385596820581e-01
4.659313813900181067e-01
4.599724849537750737e-01
4.659313813900118895e-01
4.629548385596874427e-01
4.614334925383503649e-01
4.666979810629638958e-01
4.603592272609291491e-01
4.645785705748033401e-01
4.645785705748367578e-01
4.603592272608929004e-01
4.666979810630129677e-01
4.614334925384084296e-01
4.629548385596278237e-01
4.659313813899724210e-01
4.599724849539103544e-01
4.659313813901358459e-01
4.629548385595337878e-01
4.614334925384201980e-01
4.666979810628950065e-01
4.603592272609238201e-01
4.603592272610675940e-01
4.666979810629973136e-01
4.614334925384293018e-01
4.629548385596418125e-01
4.659313813900841650e-01
4.599724849537552562e-01
4.659313813899900181e-01
4.629548385596258808e-01
4.614334925383842823e-01
4.666979810630570991e-01
4.603592272608676983e-01
4.645785705748264327e-01
4.645785705748065042e-01
4.603592272608841851e-01
4.666979810630402237e-01
4.614334925383436481e-01
4.629548385596887750e-01
4.659313813900223811e-01
4.599724849537704108e-01
4.659313813900201606e-01
4.629548385596811144e-01
4.614334925383515307e-01
4.666979810630187409e-01
4.603592272608990621e-01
4.645785705748097238e-01
4.645785705748103345e-01
4.603592272609000613e-01
4.666979810630183523e-01
4.614334925383524744e-01
4.629548385596751192e-01
4.659313813900179957e-01
4.599724849537631388e-01
4.659313813900150536e-01
4.629548385597046511e-01
4.614334925383215547e-01
4.666979810630482728e-01
4.603592272608874048e-01
4.645785705748480265e-01
4.645785705748425864e-01
4.603592272608580949e-01
4.666979810630622616e-01
4.614334925384098174e-01
4.629548385596403137e-01
4.659313813899996215e-01
4.599724849537914495e-01
4.659313813900818890e-01
4.629548385595914639e-01
4.614334925384839248e-01
4.666979810629438008e-01
4.603592272609342562e-01
4.603592272608096336e-01
4.666979810631267656e-01
4.614334925383288821e-01
4.629548385597684890e-01
4.659313813901209689e-01
4.599724849538470717e-01
4.659313813900272105e-01
4.629548385596811699e-01
4.614334925382422292e-01
4.666979810631275982e-01
4.603592272609193237e-01
4.645785705747968453e-01
4.645785705747645378e-01
4.603592272609022817e-01
4.666979810630073056e-01
4.614334925383420383e-01
4.629548385596797822e-01
4.659313813900273216e-01
4.599724849537546456e-01
4.659313813900302081e-01
4.629548385596803928e-01
4.614334925383529185e-01
4.666979810630177972e-01
4.603592272608992841e-01
4.645785705748096128e-01
4.645785705748096683e-01
4.603592272608993952e-01
4.666979810630204062e-01
4.614334925383506980e-01
4.629548385596778393e-01
4.659313813900213264e-01
4.599724849537549232e-01
4.659313813900153867e-01
4.629548385596708449e-01
4.614334925383248298e-01
4.666979810629914849e-01
4.603592272609018377e-01
4.645785705747306760e-01
4.645785705748312622e-01
4.603592272609015601e-01
4.666979810630712544e-01
4.614334925382394537e-01
4.629548385597359594e-01
4.659313813899891854e-01
4.599724849538298077e-01
4.659313813901323487e-01
4.629548385597511140e-01
4.614334925383075658e-01
4.666979810629935388e-01
4.603592272608125202e-01
4.603592272607733848e-01
4.666979810629180436e-01
4.614334925382844177e-01
4.629548385597126448e-01
4.659313813900324841e-01
4.599724849539124638e-01
4.659313813899993995e-01
4.629548385597613835e-01
4.614334925383332120e-01
4.666979810629983128e-01
4.603592272608704739e-01
4.645785705748363692e-01
4.645785705747552674e-01
4.603592272608841851e-01
4.666979810630086933e-01
4.614334925383429820e-01
4.629548385596697346e-01
4.659313813900248791e-01
4.599724849537736304e-01
4.659313813900228252e-01
4.629548385596867766e-01
4.614334925383511421e-01
4.666979810630197956e-01
4.603592272608998393e-01
4.645785705748096683e-01
4.645785705748096128e-01
4.603592272609000613e-01
4.666979810630202397e-01
4.614334925383515307e-01
4.629548385596836124e-01
4.659313813900202161e-01
4.599724849537714100e-01
4.659313813900171630e-01
4.629548385596824467e-01
4.614334925383365427e-01
4.666979810630143555e-01
4.603592272608923452e-01
4.645785705748131655e-01
4.645785705748379790e-01
4.603592272608841851e-01
4.666979810630392245e-01
4.614334925383218877e-01
4.629548385598065141e-01
4.659313813900216039e-01
4.599724849539056359e-01
4.659313813900736179e-01
4.629548385596805038e-01
4.614334925383171138e-01
4.666979810628476000e-01
4.603592272605808167e-01
4.603592272608240110e-01
4.666979810630312864e-01
4.614334925383171138e-01
4.629548385596503057e-01
4.659313813900482493e-01
4.599724849536792060e-01
4.659313813899405021e-01
4.629548385597144211e-01
4.614334925383475339e-01
4.666979810630217940e-01
4.603592272608593716e-01
4.645785705747931815e-01
4.645785705748186611e-01
4.603592272608886260e-01
4.666979810630025316e-01
4.614334925383365982e-01
4.629548385596791715e-01
4.659313813900351486e-01
4.599724849537608073e-01
4.659313813900200496e-01
4.629548385596805038e-01
4.614334925383561381e-01
4.666979810630197401e-01
4.603592272608991731e-01
4.645785705748097238e-01
4.645785705748093908e-01
4.603592272608989511e-01
4.666979810630204062e-01
4.614334925383573038e-01
4.629548385596772841e-01
4.659313813900134438e-01
4.599724849537603077e-01
4.659313813900268220e-01
4.629548385597002103e-01
4.614334925383318797e-01
4.666979810630122461e-01
4.603592272608777458e-01
4.645785705748168293e-01
4.645785705748029515e-01
4.603592272609063896e-01
4.666979810630373371e-01
4.614334925384280806e-01
4.629548385596483628e-01
4.659313813899453871e-01
4.599724849537568661e-01
4.659313813900605727e-01
4.629548385595879667e-01
4.614334925382695962e-01
4.666979810629780512e-01
4.603592272609329794e-01
4.603592272608458824e-01
4.666979810630971781e-01
4.614334925382869712e-01
4.629548385596826687e-01
4.659313813900898826e-01
4.599724849537233928e-01
4.659313813899303991e-01
4.629548385597041515e-01
4.614334925383628550e-01
4.666979810630257353e-01
4.603592272608752478e-01
4.645785705747896288e-01
4.645785705748339267e-01
4.603592272608681424e-01
4.666979810630194070e-01
4.614334925383752339e-01
4.629548385596713445e-01
4.659313813900202161e-01
4.599724849537603077e-01
4.659313813900210488e-01
4.629548385596824467e-01
4.614334925383512531e-01
4.666979810630196290e-01
4.603592272608993952e-01
4.645785705748096128e-01
4.645785705748090577e-01
4.603592272608989511e-01
4.666979810630196290e-01
4.614334925383513641e-01
4.629548385596808924e-01
4.659313813900204382e-01
4.599724849537639715e-01
4.659313813900244350e-01
4.629548385596727877e-01
4.614334925383750674e-01
4.666979810630125791e-01
4.603592272608737490e-01
4.645785705748312622e-01
4.645785705748579630e-01
4.603592272608934000e-01
4.666979810630377812e-01
4.614334925383596353e-01
4.629548385596858329e-01
4.659313813900039514e-01
4.599724849538277538e-01
4.659313813900911039e-01
4.629548385596491955e-01
4.614334925383596908e-01
4.666979810629394154e-01
4.603592272609633440e-01
4.603592272607304192e-01
4.666979810629703351e-01
4.614334925383316022e-01
4.629548385596836124e-01
4.659313813899248480e-01
4.599724849538480154e-01
4.659313813900224366e-01
4.629548385597081483e-01
4.614334925383245523e-01
4.666979810629860448e-01
4.603592272609064451e-01
4.645785705748197159e-01
4.645785705748013417e-01
4.603592272608973412e-01
4.666979810629814929e-01
4.614334925383209440e-01
4.629548385596742865e-01
4.659313813900228807e-01
4.599724849537599192e-01
4.659313813900204937e-01
4.629548385596777282e-01
4.614334925383519193e-01
4.666979810630178527e-01
4.603592272609000613e-01
4.645785705748097238e-01
4.645785705748094463e-01
4.603592272608991176e-01
4.666979810630183523e-01
4.614334925383539177e-01
4.629548385596773952e-01
4.659313813900176626e-01
4.599724849537620841e-01
4.659313813900246570e-01
4.629548385596909954e-01
4.614334925383128394e-01
4.666979810629894310e-01
4.603592272608885150e-01
4.645785705748121663e-01
4.645785705748040617e-01
4.603592272609602909e-01
4.666979810630214054e-01
4.614334925383740127e-01
4.629548385597568871e-01
4.659313813899757517e-01
4.599724849538234239e-01
4.659313813899389478e-01
4.629548385596107263e-01
4.614334925382898023e-01
4.666979810629494074e-01
4.603592272607783809e-01
4.603592272607510694e-01
4.666979810629490744e-01
4.614334925383772323e-01
4.629548385596099491e-01
4.659313813899604306e-01
4.599724849537381033e-01
4.659313813899554901e-01
4.629548385596550242e-01
4.614334925383862807e-01
4.666979810629840464e-01
4.603592272609155489e-01
4.645785705747735861e-01
4.645785705747410566e-01
4.603592272609037250e-01
4.666979810630261793e-01
4.614334925383461461e-01
4.629548385596921611e-01
4.659313813900263779e-01
4.599724849537625837e-01
4.659313813900302081e-01
4.629548385596835569e-01
4.614334925383498098e-01
4.666979810630200176e-01
4.603592272608989511e-01
4.645785705748100569e-01
4.645785705748096683e-01
4.603592272608983960e-01
4.666979810630208503e-01
4.614334925383509201e-01
4.629548385596841675e-01
4.659313813900268220e-01
4.599724849537566440e-01
4.659313813900221035e-01
4.629548385597086479e-01
4.614334925383353769e-01
4.666979810630087488e-01
4.603592272609173253e-01
4.645785705747738081e-01
4.645785705747959016e-01
4.603592272609379754e-01
4.666979810629932612e-01
4.614334925383447028e-01
4.629548385596639615e-01
4.659313813900082812e-01
4.599724849538234794e-01
4.659313813899890744e-01
4.629548385596465865e-01
4.614334925383650199e-01
4.666979810629023895e-01
4.603592272607827662e-01
4.603592272608401648e-01
4.666979810630705883e-01
4.614334925384026564e-01
4.629548385597304083e-01
4.659313813899425560e-01
4.599724849537567550e-01
4.659313813899895185e-01
4.629548385596345406e-01
4.614334925383247743e-01
4.666979810630677017e-01
4.603592272608170166e-01
4.645785705747972338e-01
4.645785705747752514e-01
4.603592272608709735e-01
4.666979810630395020e-01
4.614334925383444808e-01
4.629548385596752302e-01
4.659313813900185508e-01
4.599724849537681348e-01
4.659313813900251011e-01
4.629548385596880533e-01
4.614334925383510311e-01
4.666979810630206282e-01
4.603592272609000613e-01
4.645785705748096683e-01
4.645785705748096128e-01
4.603592272608996172e-01
4.666979810630206837e-01
4.614334925383510311e-01
4.629548385596822246e-01
4.659313813900191614e-01
4.599724849537649152e-01
4.659313813900219370e-01
4.629548385596707893e-01
4.614334925383561381e-01
4.666979810630466075e-01
4.603592272608715286e-01
4.645785705747680905e-01
4.645785705748081140e-01
4.603592272608378888e-01
4.666979810630406678e-01
4.614334925383596908e-01
4.629548385597079818e-01
4.659313813899852441e-01
4.599724849536803162e-01
4.659313813899436663e-01
4.629548385596249926e-01
4.614334925383746233e-01
4.666979810630095815e-01
4.603592272608065805e-01
4.603592272608653668e-01
4.666979810628923975e-01
4.614334925382336805e-01
4.629548385595902427e-01
4.659313813900644585e-01
4.599724849538056604e-01
4.659313813899407797e-01
4.629548385596626847e-01
4.614334925383608565e-01
4.666979810630369485e-01
4.603592272609154934e-01
4.645785705747511596e-01
4.645785705748188277e-01
4.603592272608835745e-01
4.666979810630082492e-01
4.614334925383625219e-01
4.629548385596830573e-01
4.659313813900416434e-01
4.599724849537616955e-01
4.659313813900289314e-01
4.629548385596791160e-01
4.614334925383520303e-01
4.666979810630191849e-01
4.603592272608996727e-01
4.645785705748098904e-01
4.645785705748098904e-01
4.603592272608996727e-01
4.666979810630200176e-01
4.614334925383515307e-01
4.629548385596775617e-01
4.659313813900200496e-01
4.599724849537588645e-01
4.659313813900375356e-01
4.629548385596983784e-01
4.614334925383639097e-01
4.666979810630206282e-01
4.603592272608864056e-01
4.645785705748323724e-01
4.645785705747689232e-01
4.603592272609073888e-01
4.666979810630387249e-01
4.614334925383376529e-01
4.629548385596954363e-01
4.659313813900320955e-01
4.599724849538225913e-01
4.659313813900042289e-01
4.629548385594708382e-01
4.614334925381600727e-01
4.666979810627757685e-01
4.603592272608408309e-01
4.603592272607872071e-01
4.666979810631489145e-01
4.614334925384515063e-01
4.629548385597368476e-01
4.659313813899773615e-01
4.599724849536734883e-01
4.659313813899505496e-01
4.629548385595933513e-01
4.614334925384645514e-01
4.666979810630232373e-01
4.603592272608632019e-01
4.645785705748022854e-01
4.645785705747585426e-01
4.603592272608842406e-01
4.666979810630332848e-01
4.614334925383377639e-01
4.629548385596791160e-01
4.659313813900083368e-01
4.599724849537712434e-01
4.659313813900168855e-01
4.629548385596789495e-01
4.614334925383517527e-01
4.666979810630189629e-01
4.603592272608993952e-01
4.645785705748098904e-01
4.645785705748096683e-01
4.603592272608995617e-01
4.666979810630202397e-01
4.614334925383501429e-01
4.629548385596808924e-01
4.659313813900157752e-01
4.599724849537656368e-01
4.659313813900136103e-01
4.629548385596867210e-01
4.614334925383772879e-01
4.666979810630380587e-01
4.603592272608493241e-01
4.645785705747620953e-01
4.645785705748274874e-01
4.603592272608426073e-01
4.666979810629847125e-01
4.614334925384120933e-01
4.629548385596031213e-01
4.659313813900910484e-01
4.599724849537548121e-01
4.659313813899492174e-01
4.629548385597753168e-01
4.614334925384709352e-01
4.666979810630524361e-01
4.603592272608444391e-01
4.603592272610314562e-01
4.666979810629581782e-01
4.614334925383001829e-01
4.629548385595923521e-01
4.659313813900614054e-01
4.599724849536345195e-01
4.659313813900372581e-01
4.629548385596586324e-01
4.614334925383303254e-01
4.666979810630755288e-01
4.603592272608680869e-01
4.645785705747941252e-01
4.645785705747925709e-01
4.603592272608672542e-01
4.666979810630020875e-01
4.614334925383470343e-01
4.629548385596900517e-01
4.659313813900097800e-01
4.599724849537639160e-01
4.659313813900154422e-01
4.629548385596881088e-01
4.614334925383506980e-01
4.666979810630215164e-01
4.603592272609000613e-01
4.645785705748098904e-01
4.645785705748096683e-01
4.603592272608998393e-01
4.666979810630213499e-01
4.614334925383533070e-01
4.629548385596857774e-01
4.659313813900157752e-01
4.599724849537620841e-01
4.659313813900119450e-01
4.629548385596838345e-01
4.614334925383498098e-01
4.666979810630365044e-01
4.603592272608805214e-01
4.645785705748159966e-01
4.645785705748330940e-01
4.603592272608885150e-01
4.666979810630287884e-01
4.614334925383102859e-01
4.629548385596979898e-01
4.659313813900836654e-01
4.599724849536427906e-01
4.659313813900446966e-01
4.629548385595249060e-01
4.614334925383008490e-01
4.666979810629462988e-01
4.603592272610387282e-01
4.603592272608149627e-01
4.666979810630892400e-01
4.614334925383370423e-01
4.629548385597663795e-01
4.659313813901015400e-01
4.599724849536373505e-01
4.659313813899659817e-01
4.629548385596532478e-01
4.614334925383343777e-01
4.666979810630241254e-01
4.603592272608473257e-01
4.645785705747797478e-01
4.645785705748157191e-01
4.603592272608922897e-01
4.666979810630003112e-01
4.614334925383605790e-01
4.629548385596988780e-01
4.659313813900128887e-01
4.599724849537644156e-01
4.659313813900161638e-01
4.629548385596753413e-01
4.614334925383538066e-01
4.666979810630211278e-01
4.603592272608992841e-01
4.645785705748096683e-01
4.645785705748096683e-01
4.603592272609000613e-01
4.666979810630214054e-01
4.614334925383533070e-01
4.629548385596733984e-01
4.659313813900123336e-01
4.599724849537589200e-01
4.659313813900114454e-01
4.629548385596836679e-01
4.614334925383848374e-01
4.666979810629992564e-01
4.603592272608703628e-01
4.645785705748459726e-01
4.645785705747990102e-01
4.603592272608924008e-01
4.666979810630343950e-01
4.614334925383144492e-01
4.629548385597073157e-01
4.659313813899852441e-01
4.599724849536460658e-01
4.659313813900675671e-01
4.629548385596987670e-01
4.614334925384008246e-01
4.666979810630964565e-01
4.603592272608212355e-01
4.603592272607309188e-01
4.666979810630110803e-01
4.614334925383773434e-01
4.629548385596545801e-01
4.659313813900020640e-01
4.599724849536727667e-01
4.659313813900150536e-01
4.629548385597417326e-01
4.614334925383850039e-01
4.666979810630044190e-01
4.603592272608421632e-01
4.645785705747844108e-01
4.645785705748316508e-01
4.603592272608898472e-01
4.666979810630098036e-01
4.614334925383433150e-01
4.629548385596592430e-01
4.659313813900154422e-01
4.599724849537677462e-01
4.659313813900203272e-01
4.629548385596808924e-01
4.614334925383513641e-01
4.666979810630200176e-01
4.603592272608993952e-01
4.645785705748096683e-01
4.645785705748098904e-01
4.603592272608995617e-01
4.666979810630208503e-01
4.614334925383533625e-01
4.629548385596808924e-01
4.659313813900191614e-01
4.599724849537648597e-01
4.659313813900176071e-01
4.629548385596653493e-01
4.614334925383550834e-01
4.666979810630195180e-01
4.603592272608769131e-01
4.645785705748581296e-01
4.645785705747693672e-01
4.603592272608472147e-01
4.666979810629881542e-01
4.614334925383411501e-01
4.629548385597377913e-01
4.659313813899897405e-01
4.599724849536969695e-01
4.659313813899871315e-01
4.629548385596073956e-01
4.614334925383775099e-01
4.666979810629433567e-01
4.603592272607368585e-01
4.603592272608718061e-01
4.666979810630438874e-01
4.614334925383630215e-01
4.629548385596577442e-01
4.659313813899897405e-01
4.599724849537629723e-01
4.659313813900349821e-01
4.629548385596178317e-01
4.614334925382858610e-01
4.666979810629916514e-01
4.603592272608627578e-01
4.645785705748279315e-01
4.645785705748225469e-01
4.603592272608945102e-01
4.666979810630012548e-01
4.614334925383678510e-01
4.629548385597019311e-01
4.659313813900179957e-01
4.599724849537665250e-01
4.659313813900129997e-01
4.629548385596826687e-01
4.614334925383523633e-01
4.666979810630197401e-01
4.603592272608996172e-01
4.645785705748095573e-01
4.645785705748098904e-01
4.603592272608994507e-01
4.666979810630211278e-01
4.614334925383522523e-01
4.629548385596800597e-01
4.659313813900078927e-01
4.599724849537679128e-01
4.659313813900232137e-01
4.629548385596773952e-01
4.614334925383569708e-01
4.666979810630258463e-01
4.603592272608727498e-01
4.645785705748666783e-01
4.645785705747870198e-01
4.603592272608549307e-01
4.666979810630171865e-01
4.614334925383342667e-01
4.629548385596695681e-01
4.659313813900335943e-01
4.599724849537966676e-01
4.659313813900000101e-01
4.629548385596495841e-01
4.614334925384311337e-01
4.666979810629184877e-01
4.603592272607843761e-01
4.603592272609360880e-01
4.666979810631751713e-01
4.614334925382734265e-01
4.629548385596835569e-01
4.659313813898341983e-01
4.599724849537392135e-01
4.659313813900939905e-01
4.629548385597528903e-01
4.614334925384636632e-01
4.666979810630502712e-01
4.603592272608846292e-01
4.645785705747664807e-01
4.645785705748143868e-01
4.603592272609609015e-01
4.666979810629987013e-01
4.614334925383367647e-01
4.629548385596702897e-01
4.659313813900172185e-01
4.599724849537684124e-01
4.659313813900255452e-01
4.629548385596778393e-01
4.614334925383474229e-01
4.666979810630178527e-01
4.603592272608991176e-01
4.645785705748100014e-01
4.645785705748100569e-01
4.603592272608994507e-01
4.666979810630183523e-01
4.614334925383483110e-01
4.629548385596806703e-01
4.659313813900208823e-01
4.599724849537615845e-01
4.659313813900195500e-01
4.629548385596740645e-01
4.614334925383370423e-01
4.666979810630098036e-01
4.603592272609269842e-01
4.645785705748290417e-01
4.645785705748191052e-01
4.603592272609087210e-01
4.666979810630588199e-01
4.614334925384203090e-01
4.629548385597491156e-01
4.659313813900680112e-01
4.599724849537416560e-01
4.659313813899715329e-01
4.629548385596357618e-01
4.614334925383429820e-01
4.666979810631084469e-01
4.603592272608704739e-01
4.603592272609123848e-01
4.666979810632177483e-01
4.614334925383712371e-01
4.629548385596012894e-01
4.659313813900515244e-01
4.599724849537765725e-01
4.659313813900036183e-01
4.629548385596060078e-01
4.614334925383214436e-01
4.666979810630147996e-01
4.603592272609053349e-01
4.645785705747678129e-01
4.645785705748277650e-01
4.603592272608676983e-01
4.666979810630000336e-01
4.614334925383414832e-01
4.629548385596862770e-01
4.659313813900278767e-01
4.599724849537603633e-01
4.659313813900233248e-01
4.629548385596878868e-01
4.614334925383511421e-01
4.666979810630208503e-01
4.603592272608991731e-01
4.645785705748100569e-01
4.645785705748100569e-01
4.603592272608994507e-01
4.666979810630202397e-01
4.614334925383510866e-01
4.629548385596854998e-01
4.659313813900224366e-01
4.599724849537676907e-01
4.659313813900163304e-01
4.629548385596908289e-01
4.614334925383544173e-01
4.666979810629686698e-01
4.603592272608600378e-01
4.645785705748325944e-01
4.645785705747776384e-01
4.603592272609220992e-01
4.666979810629808267e-01
4.614334925383898889e-01
4.629548385597047067e-01
4.659313813899658707e-01
4.599724849537816240e-01
4.659313813900211043e-01
4.629548385595899651e-01
4.614334925383520303e-01
4.666979810631322612e-01
4.603592272609698388e-01
4.603592272608547642e-01
4.666979810631504688e-01
4.614334925384732111e-01
4.629548385596992111e-01
4.659313813899877421e-01
4.599724849537662474e-01
4.659313813900246570e-01
4.629548385596687909e-01
4.614334925383865582e-01
4.666979810629710013e-01
4.603592272609804970e-01
4.645785705748126104e-01
4.645785705747635941e-01
4.603592272608864056e-01
4.666979810630299541e-01
4.614334925383413166e-01
4.629548385596981563e-01
4.659313813900280432e-01
4.599724849537694116e-01
4.659313813900142764e-01
4.629548385596825022e-01
4.614334925383529185e-01
4.666979810630181857e-01
4.603592272609000613e-01
4.645785705748100569e-01
4.645785705748101124e-01
4.603592272609000613e-01
4.666979810630182413e-01
4.614334925383551944e-01
4.629548385596835569e-01
4.659313813900101131e-01
4.599724849537740190e-01
4.659313813900380907e-01
4.629548385596929938e-01
4.614334925383558605e-01
4.666979810630411118e-01
4.603592272608648117e-01
4.645785705748261551e-01
4.645785705748259886e-01
4.603592272609949299e-01
4.666979810629554026e-01
4.614334925383643538e-01
4.629548385597126448e-01
4.659313813899988443e-01
4.599724849537594196e-01
4.659313813900150536e-01
4.629548385596854998e-01
4.614334925385613628e-01
4.666979810630995096e-01
4.603592272608846292e-01
4.603592272609495217e-01
4.666979810629437453e-01
4.614334925383908881e-01
4.629548385597321847e-01
4.659313813900280432e-01
4.599724849536460103e-01
4.659313813899597090e-01
4.629548385596516935e-01
4.614334925384375174e-01
4.666979810630692005e-01
4.603592272608199032e-01
4.645785705748148864e-01
4.645785705748501915e-01
4.603592272608822422e-01
4.666979810630014769e-01
4.614334925383745678e-01
4.629548385596751192e-01
4.659313813899985113e-01
4.599724849537760729e-01
4.659313813900141099e-01
4.629548385596822246e-01
4.614334925383492547e-01
4.666979810630224046e-01
4.603592272608996172e-01
4.645785705748098904e-01
4.645785705748100014e-01
4.603592272608998393e-01
4.666979810630222381e-01
4.614334925383524189e-01
4.629548385596808924e-01
4.659313813900115009e-01
4.599724849537740190e-01
4.659313813900040069e-01
4.629548385596898852e-01
4.614334925383750119e-01
4.666979810630032532e-01
4.603592272608874048e-01
4.645785705748439187e-01
4.645785705747996208e-01
4.603592272607956448e-01
4.666979810631015080e-01
4.614334925384546704e-01
4.629548385596859439e-01
4.659313813899598200e-01
4.599724849536506732e-01
4.659313813899829682e-01
4.629548385597521132e-01
4.614334925383625774e-01
4.666979810630716430e-01
4.603592272609739466e-01
4.603592272608426628e-01
4.666979810632199688e-01
4.614334925382992947e-01
4.629548385598146187e-01
4.659313813900252677e-01
4.599724849537035753e-01
4.659313813901332924e-01
4.629548385597244131e-01
4.614334925384148134e-01
4.666979810630222381e-01
4.603592272609037250e-01
4.645785705747667027e-01
4.645785705747823013e-01
4.603592272609036695e-01
4.666979810630493830e-01
4.614334925383272723e-01
4.629548385596760629e-01
4.659313813900097800e-01
4.599724849537658034e-01
4.659313813900200496e-01
4.629548385596815585e-01
4.614334925383506980e-01
4.666979810630202397e-01
4.603592272608981739e-01
4.645785705748103345e-01
4.645785705748103345e-01
4.603592272608989511e-01
4.666979810630206282e-01
4.614334925383502539e-01
4.629548385596790605e-01
4.659313813900228252e-01
4.599724849537629723e-01
4.659313813900070600e-01
4.629548385596769511e-01
4.614334925383400399e-01
4.666979810630466075e-01
4.603592272609043912e-01
4.645785705747976224e-01
4.645785705747638716e-01
4.603592272609318137e-01
4.666979810630748626e-01
4.614334925383818398e-01
4.629548385597463400e-01
4.659313813900827772e-01
4.599724849536567239e-01
4.659313813900552437e-01
4.629548385598222793e-01
4.614334925382994612e-01
4.666979810631867731e-01
4.603592272608225122e-01
4.603592272609902669e-01
4.666979810627501779e-01
4.614334925383359320e-01
4.629548385595894100e-01
4.659313813898785517e-01
4.599724849537886739e-01
4.659313813900622381e-01
4.629548385596460314e-01
4.614334925383512531e-01
4.666979810629980352e-01
4.603592272608426073e-01
4.645785705747952354e-01
4.645785705747972893e-01
4.603592272609087765e-01
4.666979810630340064e-01
4.614334925383258290e-01
4.629548385596867210e-01
4.659313813899990109e-01
4.599724849537672466e-01
4.659313813900228252e-01
4.629548385596800597e-01
4.614334925383502539e-01
4.666979810630186853e-01
4.603592272608998393e-01
4.645785705748100569e-01
4.645785705748101679e-01
4.603592272608996172e-01
4.666979810630197401e-01
4.614334925383510866e-01
4.629548385596800042e-01
4.659313813900198831e-01
4.599724849537676352e-01
4.659313813899991219e-01
4.629548385596826687e-01
4.614334925383367647e-01
4.666979810630265679e-01
4.603592272608973412e-01
4.645785705748153860e-01
4.645785705747510486e-01
4.603592272608652558e-01
4.666979810630288994e-01
4.614334925383786201e-01
4.629548385596727877e-01
4.659313813900096690e-01
4.599724849538481819e-01
4.659313813898424139e-01
4.629548385596706783e-01
4.614334925383581365e-01
4.666979810627195357e-01
4.603592272610724789e-01
4.603592272609434710e-01
4.666979810630126346e-01
4.614334925384242503e-01
4.629548385597599958e-01
4.659313813900011758e-01
4.599724849538730509e-01
4.659313813899116363e-01
4.629548385596676252e-01
4.614334925382905239e-01
4.666979810629868775e-01
4.603592272608872937e-01
4.645785705748595174e-01
4.645785705748103345e-01
4.603592272608864611e-01
4.666979810630444980e-01
4.614334925383454800e-01
4.629548385596630733e-01
4.659313813900001211e-01
4.599724849537653593e-01
4.659313813900246015e-01
4.629548385596851667e-01
4.614334925383509201e-01
4.666979810630197401e-01
4.603592272609000613e-01
4.645785705748100569e-01
4.645785705748101124e-01
4.603592272609005609e-01
4.666979810630197401e-01
4.614334925383501984e-01
4.629548385596811144e-01
4.659313813900237133e-01
4.599724849537610849e-01
4.659313813899985668e-01
4.629548385596773397e-01
4.614334925383424824e-01
4.666979810630486614e-01
4.603592272608691971e-01
4.645785705748282091e-01
4.645785705748443073e-01
4.603592272608713620e-01
4.666979810629672820e-01
4.614334925383777875e-01
4.629548385596638505e-01
4.659313813899492729e-01
4.599724849538595062e-01
4.659313813900185508e-01
4.629548385596695126e-01
4.614334925384018793e-01
4.666979810630029757e-01
4.603592272610564917e-01
4.603592272608663660e-01
4.666979810629917069e-01
4.614334925383913877e-01
4.629548385596644056e-01
4.659313813899764734e-01
4.599724849539623683e-01
4.659313813899769730e-01
4.629548385598262206e-01
4.614334925383322128e-01
4.666979810630461079e-01
4.603592272609678404e-01
4.645785705747763616e-01
4.645785705747155214e-01
4.603592272608822977e-01
4.666979810630141889e-01
4.614334925383707375e-01
4.629548385596775617e-01
4.659313813900213819e-01
4.599724849537766280e-01
4.659313813900212153e-01
4.629548385596823357e-01
4.614334925383471453e-01
4.666979810630200176e-01
4.603592272608989511e-01
4.645785705748096683e-01
4.645785705748098904e-01
4.603592272608987290e-01
4.666979810630200176e-01
4.614334925383479225e-01
4.629548385596782278e-01
4.659313813900191614e-01
4.599724849537754068e-01
4.659313813900233248e-01
4.629548385596822246e-01
4.614334925383608565e-01
4.666979810630174641e-01
4.603592272608690306e-01
4.645785705747539351e-01
4.645785705747797478e-01
4.603592272609518532e-01
4.666979810630120795e-01
4.614334925383343222e-01
4.629548385598362126e-01
4.659313813899010892e-01
4.599724849538947002e-01
4.659313813899914059e-01
4.629548385596352622e-01
4.614334925383342667e-01
4.666979810629065528e-01
4.603592272609505764e-01
4.603592272607956448e-01
4.666979810630462189e-01
4.614334925382228003e-01
4.629548385596379823e-01
4.659313813900846646e-01
4.599724849536464544e-01
4.659313813899887413e-01
4.629548385596427007e-01
4.614334925383961616e-01
4.666979810629934278e-01
4.603592272608774127e-01
4.645785705747700889e-01
4.645785705747824679e-01
4.603592272608691971e-01
4.666979810630213499e-01
4.614334925383725694e-01
4.629548385596701787e-01
4.659313813900171075e-01
4.599724849537653593e-01
4.659313813900232693e-01
4.629548385596790605e-01
4.614334925383475339e-01
4.666979810630197401e-01
4.603592272608996727e-01
4.645785705748101124e-01
4.645785705748101679e-01
4.603592272609000613e-01
4.666979810630200176e-01
4.614334925383468122e-01
4.629548385596767290e-01
4.659313813900219925e-01
4.599724849537593641e-01
4.659313813900224366e-01
4.629548385596736759e-01
4.614334925383556940e-01
4.666979810630278447e-01
4.603592272608949543e-01
4.645785705748146643e-01
4.645785705748185501e-01
4.603592272609098868e-01
4.666979810629882652e-01
4.614334925384402375e-01
4.629548385596402582e-01
4.659313813899616519e-01
4.599724849535746785e-01
4.659313813900398116e-01
4.629548385595092519e-01
4.614334925382792552e-01
4.666979810628166803e-01
4.603592272607825997e-01
4.603592272608080238e-01
4.666979810630239034e-01
4.614334925384040442e-01
4.629548385596674587e-01
4.659313813899897960e-01
4.599724849538065485e-01
4.659313813899437218e-01
4.629548385596576887e-01
4.614334925384084851e-01
4.666979810630514369e-01
4.603592272608540426e-01
4.645785705748357031e-01
4.645785705747373373e-01
4.603592272609046132e-01
4.666979810630104697e-01
4.614334925383397623e-01
4.629548385596745641e-01
4.659313813900202161e-01
4.599724849537553117e-01
4.659313813900158308e-01
4.629548385596783389e-01
4.614334925383500874e-01
4.666979810630195180e-01
4.603592272608988956e-01
4.645785705748101124e-01
4.645785705748103345e-01
4.603592272608985070e-01
4.666979810630199066e-01
4.614334925383504760e-01
4.629548385596812254e-01
4.659313813900167189e-01
4.599724849537588645e-01
4.659313813900269885e-01
4.629548385596710114e-01
4.614334925383434260e-01
4.666979810630126346e-01
4.603592272608786340e-01
4.645785705747842442e-01
4.645785705748157191e-01
4.603592272608996172e-01
4.666979810630292880e-01
4.614334925384406261e-01
4.629548385596800042e-01
4.659313813899541579e-01
4.599724849537811244e-01
4.659313813900452517e-01
4.629548385596537474e-01
4.614334925384040997e-01
4.666979810630369485e-01
4.603592272608139635e-01
4.603592272607760494e-01
4.666979810630906833e-01
4.614334925384026009e-01
4.629548385596496951e-01
4.659313813899558787e-01
4.599724849537495941e-01
4.659313813899597090e-01
4.629548385597142546e-01
4.614334925383029584e-01
4.666979810629985348e-01
4.603592272609465796e-01
4.645785705748337047e-01
4.645785705748091132e-01
4.603592272608699743e-01
4.666979810630160763e-01
4.614334925383793418e-01
4.629548385596773397e-01
4.659313813900131662e-01
4.599724849537699667e-01
4.659313813900197720e-01
4.629548385596827242e-01
4.614334925383540287e-01
4.666979810630196290e-01
4.603592272608990621e-01
4.645785705748100569e-01
4.645785705748098904e-01
4.603592272608989511e-01
4.666979810630212944e-01
4.614334925383528629e-01
4.629548385596828908e-01
4.659313813900228252e-01
4.599724849537684124e-01
4.659313813900252677e-01
4.629548385596649052e-01
4.614334925383776764e-01
4.666979810630265124e-01
4.603592272608714175e-01
4.645785705748480821e-01
4.645785705748555761e-01
4.603592272608930669e-01
4.666979810630258463e-01
4.614334925382490016e-01
4.629548385597254123e-01
4.659313813899107481e-01
4.599724849538277538e-01
4.659313813900304857e-01
4.629548385597112570e-01
4.614334925384026564e-01
4.666979810630736414e-01
4.603592272608590941e-01
4.603592272607369695e-01
4.666979810629772740e-01
4.614334925382305719e-01
4.629548385597592186e-01
4.659313813899647050e-01
4.599724849537598081e-01
4.659313813899115253e-01
4.629548385596257698e-01
4.614334925383087316e-01
4.666979810629852676e-01
4.603592272608554858e-01
4.645785705748751715e-01
4.645785705748058381e-01
4.603592272608929004e-01
4.666979810630377812e-01
4.614334925383244412e-01
4.629548385596782833e-01
4.659313813900216039e-01
4.599724849537516480e-01
4.659313813900185508e-01
4.629548385596813365e-01
4.614334925383512531e-01
4.666979810630208503e-01
4.603592272608991176e-01
4.645785705748100014e-01
4.645785705748100569e-01
4.603592272608992841e-01
4.666979810630212944e-01
4.614334925383496988e-01
4.629548385596812254e-01
4.659313813900211598e-01
4.599724849537504823e-01
4.659313813900048951e-01
4.629548385596765070e-01
4.614334925383284935e-01
4.666979810630341730e-01
4.603592272608887370e-01
4.645785705747992322e-01
4.645785705748549654e-01
4.603592272609100533e-01
4.666979810630265124e-01
4.614334925383187236e-01
4.629548385596113924e-01
4.659313813899442769e-01
4.599724849536961369e-01
4.659313813899646495e-01
4.629548385597117566e-01
4.614334925382480579e-01
4.666979810629737768e-01
4.603592272608617586e-01
4.603592272608416636e-01
4.666979810630821346e-01
4.614334925383519193e-01
4.629548385596470306e-01
4.659313813900005097e-01
4.599724849537668581e-01
4.659313813899964574e-01
4.629548385596434779e-01
4.614334925382418406e-01
4.666979810630482728e-01
4.603592272608748037e-01
4.645785705747810801e-01
4.645785705748110561e-01
4.603592272608829639e-01
4.666979810629990899e-01
4.614334925383538066e-01
4.629548385596850002e-01
4.659313813900211043e-01
4.599724849537731863e-01
4.659313813900120560e-01
4.629548385596837234e-01
4.614334925383526409e-01
4.666979810630204617e-01
4.603592272608996727e-01
4.645785705748096683e-01
4.645785705748096683e-01
4.603592272608998393e-01
4.666979810630200176e-01
4.614334925383523633e-01
4.629548385596822802e-01
4.659313813900057277e-01
4.599724849537657478e-01
4.659313813900118895e-01
4.629548385596911064e-01
4.614334925383539177e-01
4.666979810630191294e-01
4.603592272608681424e-01
4.645785705748509131e-01
4.645785705748191607e-01
4.603592272608590941e-01
4.666979810630617620e-01
4.614334925382742036e-01
4.629548385596771731e-01
4.659313813900502477e-01
4.599724849538156524e-01
4.659313813900000656e-01
4.629548385596257143e-01
4.614334925383519193e-01
4.666979810629569014e-01
4.603592272608285629e-01
4.603592272607309743e-01
4.666979810630620396e-01
4.614334925383410391e-01
4.629548385598502569e-01
4.659313813899589318e-01
4.599724849538144866e-01
4.659313813899416679e-01
4.629548385597040960e-01
4.614334925382423402e-01
4.666979810630048076e-01
4.603592272608740821e-01
4.645785705747963457e-01
4.645785705747871308e-01
4.603592272608855174e-01
4.666979810630069170e-01
4.614334925383438701e-01
4.629548385596767290e-01
4.659313813900157752e-01
4.599724849537510374e-01
4.659313813900171075e-01
4.629548385596864990e-01
4.614334925383556385e-01
4.666979810630216829e-01
4.603592272608989511e-01
4.645785705748098904e-01
4.645785705748097238e-01
4.603592272608991731e-01
4.666979810630217385e-01
4.614334925383522523e-01
4.629548385596813920e-01
4.659313813900171630e-01
4.599724849537492610e-01
4.659313813900159418e-01
4.629548385596812254e-01
4.614334925383484776e-01
4.666979810630004222e-01
4.603592272608950098e-01
4.645785705747746408e-01
4.645785705747874084e-01
4.603592272608526548e-01
4.666979810630222381e-01
4.614334925382537200e-01
4.629548385597256344e-01
4.659313813899287893e-01
4.599724849537382698e-01
4.659313813899438883e-01
4.629548385599089322e-01
4.614334925383224983e-01
4.666979810629944270e-01
4.603592272609884350e-01
4.603592272608046376e-01
4.666979810629438008e-01
4.614334925381778363e-01
4.629548385596742310e-01
4.659313813899900181e-01
4.599724849538133209e-01
4.659313813900547996e-01
4.629548385596860549e-01
4.614334925383619113e-01
4.666979810630231262e-01
4.603592272609339231e-01
4.645785705748370353e-01
4.645785705747855765e-01
4.603592272608765801e-01
4.666979810630365044e-01
4.614334925383196118e-01
4.629548385596816140e-01
4.659313813900042289e-01
4.599724849537731308e-01
4.659313813900200496e-01
4.629548385596845561e-01
4.614334925383532515e-01
4.666979810630204617e-01
4.603592272608989511e-01
4.645785705748100569e-01
4.645785705748100014e-01
4.603592272608989511e-01
4.666979810630212944e-01
4.614334925383515307e-01
4.629548385596880533e-01
4.659313813900223811e-01
4.599724849537701887e-01
4.659313813900105572e-01
4.629548385596881088e-01
4.614334925383397623e-01
4.666979810630105807e-01
4.603592272608800773e-01
4.645785705747773053e-01
4.645785705748494143e-01
4.603592272608934555e-01
4.666979810629947600e-01
4.614334925383417607e-01
4.629548385597830329e-01
4.659313813900171630e-01
4.599724849538221472e-01
4.659313813899726986e-01
4.629548385596470306e-01
4.614334925382203023e-01
4.666979810629507397e-01
4.603592272610706471e-01
4.603592272608748037e-01
4.666979810630583203e-01
4.614334925383076214e-01
4.629548385595195215e-01
4.659313813900815004e-01
4.599724849537237814e-01
4.659313813900795576e-01
4.629548385597162530e-01
4.614334925383660746e-01
4.666979810630519365e-01
4.603592272609078884e-01
4.645785705748204375e-01
4.645785705747534355e-01
4.603592272608896252e-01
4.666979810630347836e-01
4.614334925383661301e-01
4.629548385596787274e-01
4.659313813900083923e-01
4.599724849537643601e-01
4.659313813900204382e-01
4.629548385596831683e-01
4.614334925383493657e-01
4.666979810630197401e-01
4.603592272608989511e-01
4.645785705748096683e-01
4.645785705748096683e-01
4.603592272608993952e-01
4.666979810630211278e-01
4.614334925383500874e-01
4.629548385596815030e-01
4.659313813900128332e-01
4.599724849537611959e-01
4.659313813900128332e-01
4.629548385596894411e-01
4.614334925383400399e-01
4.666979810630446646e-01
4.603592272609181024e-01
4.645785705747641492e-01
4.645785705747648708e-01
4.603592272609402514e-01
4.666979810630428882e-01
4.614334925383832831e-01
4.629548385597556659e-01
4.659313813900559098e-01
4.599724849537206173e-01
4.659313813900312629e-01
4.629548385595521620e-01
4.614334925383075658e-01
4.666979810630834113e-01
4.603592272608232894e-01
4.603592272610788072e-01
4.666979810629178771e-01
4.614334925383062336e-01
4.629548385598338811e-01
4.659313813899980117e-01
4.599724849537006333e-01
4.659313813900584078e-01
4.629548385597276883e-01
4.614334925383791752e-01
4.666979810630249581e-01
4.603592272608705849e-01
4.645785705748361472e-01
4.645785705747950689e-01
4.603592272609046687e-01
4.666979810630288994e-01
4.614334925383515307e-01
4.629548385596907178e-01
4.659313813900316514e-01
4.599724849537710769e-01
4.659313813900251011e-01
4.629548385596791160e-01
4.614334925383533070e-01
4.666979810630216829e-01
4.603592272608991176e-01
4.645785705748103345e-01
4.645785705748101124e-01
4.603592272608992841e-01
4.666979810630214054e-01
4.614334925383546393e-01
4.629548385596786719e-01
4.659313813900196055e-01
4.599724849537641935e-01
4.659313813900259338e-01
4.629548385596979898e-01
4.614334925383303254e-01
4.666979810629917069e-01
4.603592272609084990e-01
4.645785705747825234e-01
4.645785705748154415e-01
4.603592272608389990e-01
4.666979810629852676e-01
4.614334925383781760e-01
4.629548385597599403e-01
4.659313813900087253e-01
4.599724849537424332e-01
4.659313813899974011e-01
4.629548385599058236e-01
4.614334925382708175e-01
4.666979810629158232e-01
4.603592272610364522e-01
4.603592272610171898e-01
4.666979810629174330e-01
4.614334925383273833e-01
4.629548385597524462e-01
4.659313813899620405e-01
4.599724849537006333e-01
4.659313813900046175e-01
4.629548385597363480e-01
4.614334925383696273e-01
4.666979810630721981e-01
4.603592272608482139e-01
4.645785705748180505e-01
4.645785705747808580e-01
4.603592272608800773e-01
4.666979810630209058e-01
4.614334925383403174e-01
4.629548385596946036e-01
4.659313813900334278e-01
4.599724849537719651e-01
4.659313813900259893e-01
4.629548385596813365e-01
4.614334925383484221e-01
4.666979810630199066e-01
4.603592272609000613e-01
4.645785705748100569e-01
4.645785705748100014e-01
4.603592272608996172e-01
4.666979810630202397e-01
4.614334925383485886e-01
4.629548385596813365e-01
4.659313813900273216e-01
4.599724849537704108e-01
4.659313813900290424e-01
4.629548385596683469e-01
4.614334925383569153e-01
4.666979810630162429e-01
4.603592272608768576e-01
4.645785705747944583e-01
4.645785705748277095e-01
4.603592272609133285e-01
4.666979810630262904e-01
4.614334925384203090e-01
4.629548385597761495e-01
4.659313813899584877e-01
4.599724849537444316e-01
4.659313813899616519e-01
4.629548385596067295e-01
4.614334925383533625e-01
4.666979810629599545e-01
4.603592272609711156e-01
4.603592272607942570e-01
4.666979810629975911e-01
4.614334925383068442e-01
4.629548385596692350e-01
4.659313813899786383e-01
4.599724849536334648e-01
4.659313813900193280e-01
4.629548385596224391e-01
4.614334925384171449e-01
4.666979810630431658e-01
4.603592272608958980e-01
4.645785705747584871e-01
4.645785705747445538e-01
4.603592272609151603e-01
4.666979810630457193e-01
4.614334925383617447e-01
4.629548385596704008e-01
4.659313813900239909e-01
4.599724849537593085e-01
4.659313813900161638e-01
4.629548385596845561e-01
4.614334925383517527e-01
4.666979810630197956e-01
4.603592272608998393e-01
4.645785705748097238e-01
4.645785705748098904e-01
4.603592272608994507e-01
4.666979810630202397e-01
4.614334925383524744e-01
4.629548385596838345e-01
4.659313813900127776e-01
4.599724849537510374e-01
4.659313813900214929e-01
4.629548385596821691e-01
4.614334925383479225e-01
4.666979810630557113e-01
4.603592272609157710e-01
4.645785705747519367e-01
4.645785705747790262e-01
4.603592272609252078e-01
4.666979810630151326e-01
4.614334925384220298e-01
4.629548385596293225e-01
4.659313813900557433e-01
4.599724849535208326e-01
4.659313813900285428e-01
4.629548385596525817e-01
4.614334925382918562e-01
4.666979810629771630e-01
4.603592272608670322e-01
4.603592272608038605e-01
4.666979810629799941e-01
4.614334925383130614e-01
4.629548385596606308e-01
4.659313813899854106e-01
4.599724849537497606e-01
4.659313813899168544e-01
4.629548385597533899e-01
4.614334925383406505e-01
4.666979810630448866e-01
4.603592272608226232e-01
4.645785705748069483e-01
4.645785705748485817e-01
4.603592272609131064e-01
4.666979810630029202e-01
4.614334925383611896e-01
4.629548385596736759e-01
4.659313813900187173e-01
4.599724849537676907e-01
4.659313813900229362e-01
4.629548385596769511e-01
4.614334925383497543e-01
4.666979810630217385e-01
4.603592272608989511e-01
4.645785705748100569e-01
4.645785705748098904e-01
4.603592272608983405e-01
4.666979810630208503e-01
4.614334925383511421e-01
4.629548385596778393e-01
4.659313813900182732e-01
4.599724849537639160e-01
4.659313813900176071e-01
4.629548385596797822e-01
4.614334925383569153e-01
4.666979810629995340e-01
4.603592272609019487e-01
4.645785705748199934e-01
4.645785705747750294e-01
4.603592272608255098e-01
4.666979810630147441e-01
4.614334925382977959e-01
4.629548385597722637e-01
4.659313813899125800e-01
4.599724849537694116e-01
4.659313813899847445e-01
4.629548385597421212e-01
4.614334925383140051e-01
4.666979810630531023e-01
4.603592272609960401e-01
4.603592272608164615e-01
4.666979810628719139e-01
4.614334925384079855e-01
4.629548385597266336e-01
4.659313813900168855e-01
4.599724849537804583e-01
4.659313813900962109e-01
4.629548385595778637e-01
4.614334925384171449e-01
4.666979810629769410e-01
4.603592272608816871e-01
4.645785705748033956e-01
4.645785705747670358e-01
4.603592272608670322e-01
4.666979810629812153e-01
4.614334925383388741e-01
4.629548385597106464e-01
4.659313813900320400e-01
4.599724849537673022e-01
4.659313813900161638e-01
4.629548385596872206e-01
4.614334925383511421e-01
4.666979810630181857e-01
4.603592272608996172e-01
4.645785705748101124e-01
4.645785705748097238e-01
4.603592272608993952e-01
4.666979810630191294e-01
4.614334925383513641e-01
4.629548385596868876e-01
4.659313813900136658e-01
4.599724849537616955e-01
4.659313813900284318e-01
4.629548385597121452e-01
4.614334925383393737e-01
4.666979810629882652e-01
4.603592272608872382e-01
4.645785705748005090e-01
4.645785705747678129e-01
4.603592272608649782e-01
4.666979810629974801e-01
4.614334925383474229e-01
4.629548385596456428e-01
4.659313813900679002e-01
4.599724849537704108e-01
4.659313813899675361e-01
4.629548385596635729e-01
4.614334925383478669e-01
4.666979810628918979e-01
4.603592272608465485e-01
4.603592272609584590e-01
4.666979810630326742e-01
4.614334925382416186e-01
4.629548385595027571e-01
4.659313813900337609e-01
4.599724849537090710e-01
4.659313813899921830e-01
4.629548385596964910e-01
4.614334925383153929e-01
4.666979810630592085e-01
4.603592272608488800e-01
4.645785705748670669e-01
4.645785705748071703e-01
4.603592272609043912e-01
4.666979810629886538e-01
4.614334925383479225e-01
4.629548385596697346e-01
4.659313813900289314e-01
4.599724849537762950e-01
4.659313813900164969e-01
4.629548385596831128e-01
4.614334925383517527e-01
4.666979810630211278e-01
4.603592272608995617e-01
4.645785705748100014e-01
4.645785705748096683e-01
4.603592272608987290e-01
4.666979810630212389e-01
4.614334925383546393e-01
4.629548385596828908e-01
4.659313813900270440e-01
4.599724849537789040e-01
4.659313813900294310e-01
4.629548385596708449e-01
4.614334925383402619e-01
4.666979810629890424e-01
4.603592272609202118e-01
4.645785705748317618e-01
4.645785705748352035e-01
4.603592272608317271e-01
4.666979810630477732e-01
4.614334925382881369e-01
4.629548385597554438e-01
4.659313813899536583e-01
4.599724849536300231e-01
4.659313813900312073e-01
4.629548385594756676e-01
4.614334925383343777e-01
4.666979810630255687e-01
4.603592272609179359e-01
4.603592272608751923e-01
4.666979810630265124e-01
4.614334925383792863e-01
4.629548385595884108e-01
4.659313813900147760e-01
4.599724849536614979e-01
4.659313813900003431e-01
4.629548385596501392e-01
4.614334925383815067e-01
4.666979810630117464e-01
4.603592272609176583e-01
4.645785705747814687e-01
4.645785705748020633e-01
4.603592272609147162e-01
4.666979810630404457e-01
4.614334925383817843e-01
4.629548385596496951e-01
4.659313813900314294e-01
4.599724849537548121e-01
4.659313813900226586e-01
4.629548385596866655e-01
4.614334925383564157e-01
4.666979810630193515e-01
4.603592272608995617e-01
4.645785705748098904e-01
4.645785705748096128e-01
4.603592272608996172e-01
4.666979810630209058e-01
4.614334925383560271e-01
4.629548385596849447e-01
4.659313813900157752e-01
4.599724849537559779e-01
4.659313813900246015e-01
4.629548385596737869e-01
4.614334925383705710e-01
4.666979810630596526e-01
4.603592272608982849e-01
4.645785705748268213e-01
4.645785705748254890e-01
4.603592272609182690e-01
4.666979810630245695e-01
4.614334925383647423e-01
4.629548385596547466e-01
4.659313813900550216e-01
4.599724849537022431e-01
4.659313813900112788e-01
4.629548385595516069e-01
4.614334925383442032e-01
4.666979810630444425e-01
4.603592272608597602e-01
4.603592272608898472e-01
4.666979810632051473e-01
4.614334925384060981e-01
4.629548385595727011e-01
4.659313813900280432e-01
4.599724849537807359e-01
4.659313813900423651e-01
4.629548385595157467e-01
4.614334925383099528e-01
4.666979810629548475e-01
4.603592272609132729e-01
4.645785705748511907e-01
4.645785705747747518e-01
4.603592272608996172e-01
4.666979810630486614e-01
4.614334925383400399e-01
4.629548385596642390e-01
4.659313813900324286e-01
4.599724849537663030e-01
4.659313813900269885e-01
4.629548385596904958e-01
4.614334925383542507e-01
4.666979810630189629e-01
4.603592272608995617e-01
4.645785705748100014e-01
4.645785705748098904e-01
4.603592272608996172e-01
4.666979810630199066e-01
4.614334925383529185e-01
4.629548385596881643e-01
4.659313813900233248e-01
4.599724849537610849e-01
4.659313813900359258e-01
4.629548385596731208e-01
4.614334925383223318e-01
4.666979810630252357e-01
4.603592272608886815e-01
4.645785705748253225e-01
4.645785705748055050e-01
4.603592272609103309e-01
4.666979810629849346e-01
4.614334925383479225e-01
4.629548385595935178e-01
4.659313813899786383e-01
4.599724849537913940e-01
4.659313813900518020e-01
4.629548385596223281e-01
4.614334925384538377e-01
4.666979810630861869e-01
4.603592272609676184e-01
4.603592272608189040e-01
4.666979810629319769e-01
4.614334925384651065e-01
4.629548385597144766e-01
4.659313813900137213e-01
4.599724849538365246e-01
4.659313813899313428e-01
4.629548385597382354e-01
4.614334925384018793e-01
4.666979810630669800e-01
4.603592272609119962e-01
4.645785705748335381e-01
4.645785705748388117e-01
4.603592272608864056e-01
4.666979810630594305e-01
4.614334925383566932e-01
4.629548385596767290e-01
4.659313813900419765e-01
4.599724849537668581e-01
4.659313813900132217e-01
4.629548385596867210e-01
4.614334925383489217e-01
4.666979810630219605e-01
4.603592272608988956e-01
4.645785705748101679e-01
4.645785705748104455e-01
4.603592272608996172e-01
4.666979810630226266e-01
4.614334925383493102e-01
4.629548385596844451e-01
4.659313813900115009e-01
4.599724849537686344e-01
4.659313813900411438e-01
4.629548385596801152e-01
4.614334925383564712e-01
4.666979810630395575e-01
4.603592272608887370e-01
4.645785705748302075e-01
4.645785705748550765e-01
4.603592272609031144e-01
4.666979810630558778e-01
4.614334925384171449e-01
4.629548385596956028e-01
4.659313813898677825e-01
4.599724849538078808e-01
4.659313813900508028e-01
4.629548385596782833e-01
4.614334925384592223e-01
4.666979810629088843e-01
4.603592272607998082e-01
4.603592272610220193e-01
4.666979810628675285e-01
4.614334925384190877e-01
4.629548385597274107e-01
4.659313813900924361e-01
4.599724849537756288e-01
4.659313813900403112e-01
4.629548385596486959e-01
4.614334925384364072e-01
4.666979810630714764e-01
4.603592272608929004e-01
4.645785705748389782e-01
4.645785705748211036e-01
4.603592272608696412e-01
4.666979810630496051e-01
4.614334925383262731e-01
4.629548385596889970e-01
4.659313813900168300e-01
4.599724849537668026e-01
4.659313813900204937e-01
4.629548385596798377e-01
4.614334925383543062e-01
4.666979810630187964e-01
4.603592272608991176e-01
4.645785705748100569e-01
4.645785705748105010e-01
4.603592272608998948e-01
4.666979810630183523e-01
4.614334925383549169e-01
4.629548385596756188e-01
4.659313813900175516e-01
4.599724849537635829e-01
4.659313813900201606e-01
4.629548385596933824e-01
4.614334925383271613e-01
4.666979810630522141e-01
4.603592272608791336e-01
4.645785705748224359e-01
4.645785705748117778e-01
4.603592272608896252e-01
4.666979810630482728e-01
4.614334925383993258e-01
4.629548385596610749e-01
4.659313813899714218e-01
4.599724849538415206e-01
4.659313813900420320e-01
4.629548385595907423e-01
4.614334925384704911e-01
4.666979810628910097e-01
4.603592272609676184e-01
4.603592272608048597e-01
4.666979810630601522e-01
4.614334925383608565e-01
4.629548385597417326e-01
4.659313813899719769e-01
4.599724849538104343e-01
4.659313813901049817e-01
4.629548385596594651e-01
4.614334925383316577e-01
4.666979810629856562e-01
4.603592272608758584e-01
4.645785705748203265e-01
4.645785705747867977e-01
4.603592272609060565e-01
4.666979810629751646e-01
4.614334925383388741e-01
4.629548385596956028e-01
4.659313813900162748e-01
4.599724849537695226e-01
4.659313813900171075e-01
4.629548385596763405e-01
4.614334925383496988e-01
4.666979810630191849e-01
4.603592272608993952e-01
4.645785705748096683e-01
4.645785705748101124e-01
4.603592272609004499e-01
4.666979810630209058e-01
4.614334925383496988e-01
4.629548385596771731e-01
4.659313813900157752e-01
4.599724849537575322e-01
4.659313813900242129e-01
4.629548385596953808e-01
4.614334925383498098e-01
4.666979810629707792e-01
4.603592272609141611e-01
4.645785705748088357e-01
4.645785705748162187e-01
4.603592272609212666e-01
4.666979810629908743e-01
4.614334925383926644e-01
4.629548385596800597e-01
4.659313813900509693e-01
4.599724849538269211e-01
4.659313813899673140e-01
4.629548385597677118e-01
4.614334925384576125e-01
4.666979810630241254e-01
4.603592272607533453e-01
4.603592272608989511e-01
4.666979810630916825e-01
4.614334925382387875e-01
4.629548385597930249e-01
4.659313813900527457e-01
4.599724849537448756e-01
4.659313813900494150e-01
4.629548385596633508e-01
4.614334925383583030e-01
4.666979810630065284e-01
4.603592272609010050e-01
4.645785705747893513e-01
4.645785705747740302e-01
4.603592272608796332e-01
4.666979810630463854e-01
4.614334925383267727e-01
4.629548385596983784e-01
4.659313813900259893e-01
4.599724849537836779e-01
4.659313813900161638e-01
4.629548385596808924e-01
4.614334925383483110e-01
4.666979810630212944e-01
4.603592272608988956e-01
4.645785705748097238e-01
4.645785705748102790e-01
4.603592272609001168e-01
4.666979810630215164e-01
4.614334925383455910e-01
4.629548385596805038e-01
4.659313813900126111e-01
4.599724849537826787e-01
4.659313813900285428e-01
4.629548385596952143e-01
4.614334925383357655e-01
4.666979810630152992e-01
4.603592272608449387e-01
4.645785705748130545e-01
4.645785705748124439e-01
4.603592272608814095e-01
4.666979810630261793e-01
4.614334925383443142e-01
4.629548385597677673e-01
4.659313813900596846e-01
4.599724849537989990e-01
4.659313813900285428e-01
4.629548385597761495e-01
4.614334925382710395e-01
4.666979810631515235e-01
4.603592272608695857e-01
4.603592272607649472e-01
4.666979810631620151e-01
4.614334925382688191e-01
4.629548385596892190e-01
4.659313813900352597e-01
4.599724849539347238e-01
4.659313813900231027e-01
4.629548385596537474e-01
4.614334925383242747e-01
4.666979810629885983e-01
4.603592272609425828e-01
4.645785705748197714e-01
4.645785705747628169e-01
4.603592272608967861e-01
4.666979810630085268e-01
4.614334925383400399e-01
4.629548385596595206e-01
4.659313813900298196e-01
4.599724849537683569e-01
4.659313813900233803e-01
4.629548385596822802e-01
4.614334925383581365e-01
4.666979810630195180e-01
4.603592272608991731e-01
4.645785705748096683e-01
4.645785705748100569e-01
4.603592272608996727e-01
4.666979810630204617e-01
4.614334925383569708e-01
4.629548385596831683e-01
4.659313813900219925e-01
4.599724849537759064e-01
4.659313813900347045e-01
4.629548385596805038e-01
4.614334925383337116e-01
4.666979810629898751e-01
4.603592272608800773e-01
4.645785705747791927e-01
4.645785705748109451e-01
4.603592272609623448e-01
4.666979810629868219e-01
4.614334925383672958e-01
4.629548385596836679e-01
4.659313813900193280e-01
4.599724849539215121e-01
4.659313813899690904e-01
4.629548385597001547e-01
4.614334925382246322e-01
4.666979810631081693e-01
4.603592272608235114e-01
4.603592272609322578e-01
4.666979810632190251e-01
4.614334925384220853e-01
4.629548385598007409e-01
4.659313813899149115e-01
4.599724849537809579e-01
4.659313813901007628e-01
4.629548385596993221e-01
4.614334925382882480e-01
4.666979810630574876e-01
4.603592272609244862e-01
4.645785705748409211e-01
4.645785705748016192e-01
4.603592272608696412e-01
4.666979810630039194e-01
4.614334925383546393e-01
4.629548385597118676e-01
4.659313813900176626e-01
4.599724849537660254e-01
4.659313813900148871e-01
4.629548385596872762e-01
4.614334925383511421e-01
4.666979810630200176e-01
4.603592272608994507e-01
4.645785705748100569e-01
4.645785705748101124e-01
4.603592272608996172e-01
4.666979810630195180e-01
4.614334925383523633e-01
4.629548385596843896e-01
4.659313813900090584e-01
4.599724849537593641e-01
4.659313813900285428e-01
4.629548385597032079e-01
4.614334925383517527e-01
4.666979810630241254e-01
4.603592272608681424e-01
4.645785705748118888e-01
4.645785705748172179e-01
4.603592272609484115e-01
4.666979810630256797e-01
4.614334925383327679e-01
4.629548385597275217e-01
4.659313813901417300e-01
4.599724849537800697e-01
4.659313813900250456e-01
4.629548385597844207e-01
4.614334925384188657e-01
4.666979810632085335e-01
4.603592272609682845e-01
4.601757517193021951e-01
4.666979810628140157e-01
4.614334925383035135e-01
4.629548385595978477e-01
4.659313813898746104e-01
4.599724849537423776e-01
4.659313813899944035e-01
4.629548385596722326e-01
4.614334925383474229e-01
4.666979810630112468e-01
4.603592272609077218e-01
4.645785705748173844e-01
4.645785705748058381e-01
4.603592272609406399e-01
4.666979810629967029e-01
4.614334925383605235e-01
4.629548385596759519e-01
4.659313813900273216e-01
4.599724849537709104e-01
4.659313813900212153e-01
4.629548385596777837e-01
4.614334925383512531e-01
4.666979810630191294e-01
4.603592272608994507e-01
4.645785705748103345e-01
4.645785705748100569e-01
4.603592272608994507e-01
4.666979810630206837e-01
4.614334925383530850e-01
4.629548385596791160e-01
4.659313813900207157e-01
4.599724849537690230e-01
4.659313813900228252e-01
4.629548385596720106e-01
4.614334925383488106e-01
4.666979810629897085e-01
4.603592272609319802e-01
4.645785705748065597e-01
4.645785705747960681e-01
4.603592272608775793e-01
4.666979810630139114e-01
4.614334925383490882e-01
4.629548385597190840e-01
4.659313813899820800e-01
4.599724849537951687e-01
4.659313813898448564e-01
4.629548385595835258e-01
4.614334925383551944e-01
4.666979810628915093e-01
4.601757517193021951e-01
