1.253299601734956322e-32
2.248513197990113714e-26
1.102239183312027459e-21
1.476373071849101485e-18
5.403264780986692173e-17
5.403264780986692173e-17
1.476373071849101485e-18
1.102239183312027459e-21
2.248513197990129498e-26
1.253299601734956322e-32
2.248513197990113714e-26
4.034000804386179616e-20
1.977499512158196407e-15
2.648723683159639291e-12
9.693861033279853123e-11
9.693861033279853123e-11
2.648723683159639291e-12
1.977499512158196407e-15
4.034000804386236793e-20
2.248513197990113714e-26
1.102239183312027459e-21
1.977499512158196407e-15
9.693861033279853123e-11
1.298425569373933211e-07
4.752008339561310374e-06
4.752008339561317997e-06
1.298425569373933211e-07
9.693861033279853123e-11
1.977499512158210212e-15
1.102239183312027459e-21
1.476373071849101485e-18
2.648723683159639291e-12
1.298425569373933211e-07
1.739151152895783306e-04
6.364986162667259431e-03
6.364986162667271574e-03
1.739151152895783306e-04
1.298425569373933211e-07
2.648723683159667564e-12
1.476373071849101485e-18
5.403264780986692173e-17
9.693861033279853123e-11
4.752008339561310374e-06
6.364986162667259431e-03
2.329472558120622983e-01
2.329472558120626313e-01
6.364986162667259431e-03
4.752008339561310374e-06
9.693861033279955229e-11
5.403264780986692173e-17
5.403264780986692173e-17
9.693861033279853123e-11
4.752008339561317997e-06
6.364986162667271574e-03
2.329472558120626313e-01
2.329472558120629366e-01
6.364986162667271574e-03
4.752008339561317997e-06
9.693861033279955229e-11
5.403264780986692173e-17
1.476373071849101485e-18
2.648723683159639291e-12
1.298425569373933211e-07
1.739151152895783306e-04
6.364986162667259431e-03
6.364986162667271574e-03
1.739151152895783306e-04
1.298425569373933211e-07
2.648723683159667564e-12
1.476373071849101485e-18
1.102239183312027459e-21
1.977499512158196407e-15
9.693861033279853123e-11
1.298425569373933211e-07
4.752008339561310374e-06
4.752008339561317997e-06
1.298425569373933211e-07
9.693861033279853123e-11
1.977499512158210212e-15
1.102239183312027459e-21
2.248513197990129498e-26
4.034000804386236793e-20
1.977499512158210212e-15
2.648723683159667564e-12
9.693861033279955229e-11
9.693861033279955229e-11
2.648723683159667564e-12
1.977499512158210212e-15
4.034000804386265681e-20
2.248513197990129498e-26
1.253299601734956322e-32
2.248513197990113714e-26
1.102239183312027459e-21
1.476373071849101485e-18
5.403264780986692173e-17
5.403264780986692173e-17
1.476373071849101485e-18
1.102239183312027459e-21
2.248513197990129498e-26
1.253299601734956322e-32
