4.440577629979276519e-01
4.440577629979237106e-01
4.440577629979287066e-01
4.440577629979228780e-01
4.440577629979216567e-01
4.440577629979244878e-01
4.440577629979271523e-01
4.440577629979310936e-01
4.440577629979251539e-01
4.440577629979256535e-01
4.201108495849076863e-01
4.201108495849094626e-01
4.201108495849109059e-01
4.201108495849092961e-01
4.201108495849059654e-01
4.201108495849083524e-01
4.201108495849087965e-01
4.201108495849090740e-01
4.201108495849106839e-01
4.201108495849070201e-01
3.973565862350655897e-01
3.973565862350647016e-01
3.973565862350634248e-01
3.973565862350654232e-01
3.973565862350654232e-01
3.973565862350653122e-01
3.973565862350648126e-01
3.973565862350630917e-01
3.973565862350645905e-01
3.973565862350676992e-01
4.079761492749621188e-01
4.079761492749615637e-01
4.079761492749621188e-01
4.079761492749622298e-01
4.079761492749614527e-01
4.079761492749618412e-01
4.079761492749622298e-01
4.079761492749623408e-01
4.079761492749615082e-01
4.079761492749619523e-01
4.381345192199843641e-01
4.381345192199846417e-01
4.381345192199848637e-01
4.381345192199843641e-01
4.381345192199843641e-01
4.381345192199843641e-01
4.381345192199844751e-01
4.381345192199846417e-01
4.381345192199846417e-01
4.381345192199844196e-01
4.381345192199844751e-01
4.381345192199843641e-01
4.381345192199843641e-01
4.381345192199844196e-01
4.381345192199842531e-01
4.381345192199842531e-01
4.381345192199844196e-01
4.381345192199844196e-01
4.381345192199843641e-01
4.381345192199844196e-01
4.079761492749614527e-01
4.079761492749623963e-01
4.079761492749618412e-01
4.079761492749619523e-01
4.079761492749615637e-01
4.079761492749618412e-01
4.079761492749618412e-01
4.079761492749618412e-01
4.079761492749623408e-01
4.079761492749614527e-01
3.973565862350658673e-01
3.973565862350657008e-01
3.973565862350650346e-01
3.973565862350647016e-01
3.973565862350635358e-01
3.973565862350636468e-01
3.973565862350631472e-01
3.973565862350640909e-01
3.973565862350654787e-01
3.973565862350661448e-01
4.201108495849094071e-01
4.201108495849106839e-01
4.201108495849062985e-01
4.201108495849091296e-01
4.201108495849048552e-01
4.201108495849043556e-01
4.201108495849084079e-01
4.201108495849072422e-01
4.201108495849082969e-01
4.201108495849100177e-01
4.440577629979278185e-01
4.440577629979322594e-01
4.440577629979242102e-01
4.440577629979281515e-01
4.440577629979280960e-01
4.440577629979258756e-01
4.440577629979237106e-01
4.440577629979226559e-01
4.440577629979275409e-01
4.440577629979258756e-01
