-5.051315516302677722e+00
-3.951006723130078502e+00
-2.810901509634085915e+00
-1.660747780380178895e+00
-5.447944155775017450e-01
5.447944155775008568e-01
1.660747780380179339e+00
2.810901509634086359e+00
3.951006723130078058e+00
5.051315516302677722e+00
-5.051315516302679498e+00
-3.951006723130079390e+00
-2.810901509634085471e+00
-1.660747780380178895e+00
-5.447944155775018560e-01
5.447944155775009678e-01
1.660747780380179339e+00
2.810901509634085471e+00
3.951006723130078058e+00
5.051315516302680386e+00
-5.051315516302679498e+00
-3.951006723130078946e+00
-2.810901509634086359e+00
-1.660747780380179339e+00
-5.447944155775017450e-01
5.447944155775009678e-01
1.660747780380179339e+00
2.810901509634086359e+00
3.951006723130078946e+00
5.051315516302677722e+00
-5.051315516302678610e+00
-3.951006723130078946e+00
-2.810901509634086359e+00
-1.660747780380179117e+00
-5.447944155775021891e-01
5.447944155775010788e-01
1.660747780380178895e+00
2.810901509634086359e+00
3.951006723130078058e+00
5.051315516302677722e+00
-5.051315516302679498e+00
-3.951006723130079390e+00
-2.810901509634085471e+00
-1.660747780380179339e+00
-5.447944155775019670e-01
5.447944155775010788e-01
1.660747780380179339e+00
2.810901509634086359e+00
3.951006723130078946e+00
5.051315516302679498e+00
-5.051315516302677722e+00
-3.951006723130079390e+00
-2.810901509634086359e+00
-1.660747780380179339e+00
-5.447944155775018560e-01
5.447944155775010788e-01
1.660747780380179339e+00
2.810901509634087247e+00
3.951006723130078502e+00
5.051315516302678610e+00
-5.051315516302679498e+00
-3.951006723130078502e+00
-2.810901509634086359e+00
-1.660747780380179339e+00
-5.447944155775018560e-01
5.447944155775008568e-01
1.660747780380179117e+00
2.810901509634087247e+00
3.951006723130078058e+00
5.051315516302679498e+00
-5.051315516302679498e+00
-3.951006723130078058e+00
-2.810901509634087247e+00
-1.660747780380178895e+00
-5.447944155775017450e-01
5.447944155775008568e-01
1.660747780380178895e+00
2.810901509634087247e+00
3.951006723130078058e+00
5.051315516302679498e+00
-5.051315516302677722e+00
-3.951006723130078502e+00
-2.810901509634086803e+00
-1.660747780380178673e+00
-5.447944155775017450e-01
5.447944155775009678e-01
1.660747780380178895e+00
2.810901509634087247e+00
3.951006723130078058e+00
5.051315516302678610e+00
-5.051315516302679498e+00
-3.951006723130078946e+00
-2.810901509634085471e+00
-1.660747780380179117e+00
-5.447944155775019670e-01
5.447944155775008568e-01
1.660747780380179561e+00
2.810901509634086359e+00
3.951006723130078502e+00
5.051315516302679498e+00
