-5.051315516302679498e+00
-4.845139372780121079e+00
-4.638963229257562659e+00
-4.432787085735004240e+00
-4.226610942212445821e+00
-4.020434798689887401e+00
-3.814258655167329426e+00
-3.608082511644771451e+00
-3.401906368122213031e+00
-3.195730224599654612e+00
-2.989554081077096193e+00
-2.783377937554537773e+00
-2.577201794031979354e+00
-2.371025650509420934e+00
-2.164849506986862959e+00
-1.958673363464304540e+00
-1.752497219941746120e+00
-1.546321076419187701e+00
-1.340144932896629282e+00
-1.133968789374071306e+00
-9.277926458515128871e-01
-7.216165023289544678e-01
-5.154403588063960484e-01
-3.092642152838376290e-01
-1.030880717612792097e-01
1.030880717612792097e-01
3.092642152838376290e-01
5.154403588063951602e-01
7.216165023289535796e-01
9.277926458515119990e-01
1.133968789374070418e+00
1.340144932896628838e+00
1.546321076419187257e+00
1.752497219941745676e+00
1.958673363464304096e+00
2.164849506986862515e+00
2.371025650509420934e+00
2.577201794031979354e+00
2.783377937554536885e+00
2.989554081077095304e+00
3.195730224599653724e+00
3.401906368122212143e+00
3.608082511644770562e+00
3.814258655167328982e+00
4.020434798689887401e+00
4.226610942212445821e+00
4.432787085735004240e+00
4.638963229257562659e+00
4.845139372780121079e+00
5.051315516302679498e+00
