-2.435239893147684904e-15
1.650324484889106810e-15
-1.183699210209983759e-15
4.306897926925616778e-16
0.000000000000000000e+00
0.000000000000000000e+00
-2.153448963462817757e-16
1.775548815314981555e-15
0.000000000000000000e+00
0.000000000000000000e+00
2.750540808148510100e-15
-1.490817407856608032e-15
-2.138034784375512543e-15
-3.890101145583454379e-16
9.020209264550425686e-17
-9.020209264550446640e-17
1.945050572791725957e-16
1.603526088281633126e-15
2.484695679761015292e-15
-3.300648969778213619e-15
0.000000000000000000e+00
0.000000000000000000e+00
5.747700543211879121e-16
-2.091815643249890224e-16
-9.704045689591627632e-17
9.704045689591622702e-17
0.000000000000000000e+00
-2.873850271605942026e-16
-1.069017392187746016e-15
2.959248025524973596e-15
1.938104067116530903e-15
1.945050572791729655e-16
-2.091815643249887513e-16
-7.612503489117585968e-17
2.471649626931458881e-16
-1.765464019236755640e-16
2.283751046735275174e-16
4.183631286499785872e-16
-3.890101145583452407e-16
-1.722759170770258741e-15
4.991685652339414797e-16
9.020209264550445407e-17
-3.881618275836650560e-16
1.412371215389405498e-16
4.911197709432337964e-17
-4.911197709432333034e-17
3.530928038473513128e-17
1.455606853438743220e-16
-9.020209264550392406e-17
-3.993348521871547122e-16
9.983371304678864107e-17
-1.804041852910086370e-16
0.000000000000000000e+00
-1.765464019236755147e-16
-4.092664757860277836e-17
4.911197709432329336e-17
0.000000000000000000e+00
1.455606853438741002e-16
9.020209264550409662e-17
-2.995011391403664162e-16
-1.076724481731403208e-15
0.000000000000000000e+00
-2.091815643249886526e-16
-2.283751046735273202e-16
0.000000000000000000e+00
-7.061856076947022558e-17
1.522500697823515468e-16
2.091815643249887513e-16
-1.945050572791719547e-16
1.292069378077684047e-15
0.000000000000000000e+00
1.603526088281631942e-15
-5.747700543211870246e-16
0.000000000000000000e+00
4.852022844795807037e-17
4.852022844795805804e-17
0.000000000000000000e+00
8.621550814817807342e-16
-5.345086960938744873e-16
-5.918496051049897100e-16
1.100216323259407629e-15
2.484695679761017265e-15
-1.603526088281618137e-15
3.890101145583446491e-16
-1.804041852910077988e-16
3.608083705820153018e-16
3.890101145583439588e-16
5.345086960938737971e-16
9.938782719043989778e-16
-1.100216323259409010e-15
0.000000000000000000e+00
5.501081616297074632e-16
0.000000000000000000e+00
-6.460346890388472498e-16
-1.996674260935784901e-16
-3.993348521871556490e-16
2.153448963462812728e-15
0.000000000000000000e+00
1.650324484889108584e-15
2.435239893147681354e-15
