4.440577629979302055e-01
4.201108495849095181e-01
3.973565862350655342e-01
4.079761492749624519e-01
4.381345192199846417e-01
4.381345192199844751e-01
4.079761492749616192e-01
3.973565862350655897e-01
4.201108495849094071e-01
4.440577629979293173e-01
4.440577629979247654e-01
4.201108495849074642e-01
3.973565862350669775e-01
4.079761492749621188e-01
4.381345192199844751e-01
4.381345192199843641e-01
4.079761492749618412e-01
3.973565862350675326e-01
4.201108495849095736e-01
4.440577629979239882e-01
4.440577629979272078e-01
4.201108495849087965e-01
3.973565862350654787e-01
4.079761492749616192e-01
4.381345192199846417e-01
4.381345192199844751e-01
4.079761492749618412e-01
3.973565862350658673e-01
4.201108495849065205e-01
4.440577629979292063e-01
4.440577629979255425e-01
4.201108495849101288e-01
3.973565862350643130e-01
4.079761492749621188e-01
4.381345192199843641e-01
4.381345192199843641e-01
4.079761492749622298e-01
3.973565862350657008e-01
4.201108495849107394e-01
4.440577629979273744e-01
4.440577629979213792e-01
4.201108495849072977e-01
3.973565862350657008e-01
4.079761492749615082e-01
4.381345192199844196e-01
4.381345192199842531e-01
4.079761492749618412e-01
3.973565862350642575e-01
4.201108495849048552e-01
4.440577629979232110e-01
4.440577629979260421e-01
4.201108495849070201e-01
3.973565862350635913e-01
4.079761492749618412e-01
4.381345192199843641e-01
4.381345192199842531e-01
4.079761492749618412e-01
3.973565862350631472e-01
4.201108495849072977e-01
4.440577629979250984e-01
4.440577629979224339e-01
4.201108495849062985e-01
3.973565862350642020e-01
4.079761492749618412e-01
4.381345192199844751e-01
4.381345192199844196e-01
4.079761492749621188e-01
3.973565862350637579e-01
4.201108495849080748e-01
4.440577629979208241e-01
4.440577629979223229e-01
4.201108495849100177e-01
3.973565862350626476e-01
4.079761492749622298e-01
4.381345192199846417e-01
4.381345192199844751e-01
4.079761492749622853e-01
3.973565862350624811e-01
4.201108495849074087e-01
4.440577629979226559e-01
4.440577629979297059e-01
4.201108495849101288e-01
3.973565862350635913e-01
4.079761492749627294e-01
4.381345192199846417e-01
4.381345192199843641e-01
4.079761492749622298e-01
3.973565862350642020e-01
4.201108495849087410e-01
4.440577629979275964e-01
4.440577629979254315e-01
4.201108495849079638e-01
3.973565862350664779e-01
4.079761492749618412e-01
4.381345192199844751e-01
4.381345192199844751e-01
4.079761492749612861e-01
3.973565862350657008e-01
4.201108495849076863e-01
4.440577629979258756e-01
